// Converted by Obj2DatTexNorm.py Wavefront OBJ file conversion script
// (c) 2005-2012 By Giles Williams and Jens Ayton
// 
// original file: "jaguar_company_base_dockingbay.obj"
// 
// model size: 175.498 x 64.121 x 250.000
// 
// materials used: ['default', 'jaguar_company_base_dockingbay']
// 
NVERTS 12
NFACES 18

VERTEX
86.8802 -31.74307 -20.85805
86.8802 -31.74307 229.14195
-86.8802 -31.74307 -20.85805
87.749 -32.0605 229.14195
87.749 32.0605 229.14195
-87.749 -32.0605 229.14195
-86.8802 31.74307 229.14195
-86.8802 -31.74307 229.14195
86.8802 31.74307 -20.85805
-86.8802 31.74307 -20.85805
86.8802 31.74307 229.14195
-87.749 32.0605 229.14195

FACES
0 0 0	0 0 0	3	0 1 2
0 0 0	0 0 0	3	3 1 4
0 0 0	0 0 0	3	5 1 3
0 0 0	0 0 0	3	5 6 7
0 0 0	0 0 0	3	2 8 0
0 0 0	0 0 0	3	2 1 7
0 0 0	0 0 0	3	2 6 9
0 0 0	0 0 0	3	8 1 0
0 0 0	0 0 0	3	8 6 10
0 0 0	0 0 0	3	4 1 10
0 0 0	0 0 0	3	4 6 11
0 0 0	0 0 0	3	11 6 5
0 0 0	0 0 0	3	9 8 2
0 0 0	0 0 0	3	9 6 8
0 0 0	0 0 0	3	7 1 5
0 0 0	0 0 0	3	7 6 2
0 0 0	0 0 0	3	10 1 8
0 0 0	0 0 0	3	10 6 4

TEXTURES
1	1.0 1.0	0.57739 0.59476	0.01062 0.59476	0.57739 0.98869
1	1.0 1.0	0.58987 0.01134	0.59163 0.01617	0.94681 0.01134
1	1.0 1.0	0.58987 0.98828	0.59163 0.01617	0.58987 0.01134
1	1.0 1.0	0.58987 0.98828	0.94504 0.98344	0.59163 0.98344
1	1.0 1.0	0.46842 0.58341	0.01068 0.41616	0.01068 0.58341
1	1.0 1.0	0.57739 0.98869	0.01062 0.59476	0.01062 0.98869
1	1.0 1.0	0.60994 0.03128	0.75387 0.59805	0.75387 0.03128
1	1.0 1.0	0.92605 0.60028	0.78212 0.0335	0.78212 0.60028
1	1.0 1.0	0.01065 0.01137	0.57742 0.4053	0.57742 0.01137
1	1.0 1.0	0.94681 0.01134	0.59163 0.01617	0.94504 0.01617
1	1.0 1.0	0.94681 0.01134	0.94504 0.98344	0.94681 0.98828
1	1.0 1.0	0.94681 0.98828	0.94504 0.98344	0.58987 0.98828
1	1.0 1.0	0.46842 0.41616	0.01068 0.41616	0.46842 0.58341
1	1.0 1.0	0.01065 0.4053	0.57742 0.4053	0.01065 0.01137
1	1.0 1.0	0.59163 0.98344	0.59163 0.01617	0.58987 0.98828
1	1.0 1.0	0.60994 0.59805	0.75387 0.59805	0.60994 0.03128
1	1.0 1.0	0.92605 0.0335	0.78212 0.0335	0.92605 0.60028
1	1.0 1.0	0.94504 0.01617	0.94504 0.98344	0.94681 0.01134

NAMES 2
default
jaguar_company_base_dockingbay

NORMALS
-0.57735 0.57735 0.57735
-0.40825 0.40825 0.8165
0.57735 0.57735 0.57735
0 0 1
0 0 1
0 0 1
0.40825 -0.40825 0.8165
0.40825 0.40825 0.8165
-0.57735 -0.57735 0.57735
0.57735 -0.57735 0.57735
-0.40825 -0.40825 0.8165
0 0 1

END
