// Converted by Obj2DatTexNorm.py Wavefront OBJ file conversion script
// (c) 2005-2012 By Giles Williams and Jens Ayton
// 
// original file: "jaguar_company_base.obj"
// 
// model size: 1240.922 x 1235.695 x 1183.669
// 
// materials used: ['jaguar_company_base']
// 
NVERTS 182
NFACES 351

VERTEX
412.99491 182.84329 357.64669
552.90822 -15.61788 240.441
389.74856 84.93943 437.15912
500.4514 184.07938 224.45678
-14.98558 546.47777 107.35583
25.31506 503.88392 267.51961
-420.11166 480.7629 114.5264
229.33703 493.53535 84.56705
285.2072 489.81653 -33.09874
262.69334 504.39737 -161.08685
27.03821 523.57635 -235.8515
-472.14231 419.40831 199.44799
-575.79923 197.4489 271.11584
-611.0397 80.67509 110.87145
-583.95648 132.56368 -121.057
-428.28223 472.13508 131.12982
-225.08604 384.40708 378.14491
-72.35521 463.32573 317.93726
-424.0245 381.52461 -186.17292
-548.61829 120.54142 410.70966
-251.23262 167.49391 549.1299
-106.85013 345.26682 460.28473
-156.00668 330.30524 466.25468
-202.80274 213.76093 538.42927
-15.85631 64.62406 546.39996
-57.60528 54.13597 546.39996
3.03622 152.88711 578.05726
-25.75779 471.80442 319.60491
-36.9986 371.96978 444.81073
84.35102 317.08191 486.77209
-379.03424 518.39197 12.40207
-229.0862 557.20217 -37.6905
-405.69559 -401.93146 398.20294
-257.16979 -587.17481 175.99227
-549.03165 -383.70577 168.80735
-182.98101 -294.44073 550.51231
-256.90985 -522.22582 356.05816
-575.37775 -392.70309 92.50707
-650.06442 4.86121 78.21975
-380.34906 -276.56152 500.28217
-426.1629 -40.9816 536.86867
-589.03195 -391.02599 55.99096
-579.98396 -109.15895 -216.7778
-467.81894 56.59119 514.34397
191.27976 459.09775 289.50047
290.29442 382.7051 316.56259
387.90382 346.8797 209.97961
346.95871 425.93297 38.59366
232.86163 417.99614 331.3091
135.77068 306.41251 489.06334
-27.2094 243.56885 532.46676
37.07293 168.70595 567.58043
173.86368 117.87279 556.97174
120.599 82.46886 579.75329
30.11709 62.79974 546.39996
154.58644 256.34442 514.09941
-212.3931 -600.62098 226.22049
-58.47605 -493.10889 441.83396
546.64645 -42.27745 261.99106
524.07744 -287.08296 214.04971
528.06297 -158.41327 294.67916
407.95761 -158.20928 437.61452
346.17795 260.95557 370.01349
244.70106 170.94677 514.24979
348.8208 49.9455 489.05769
383.93555 -132.92821 463.90617
-519.18182 -352.04634 -358.80644
-171.02598 -230.02923 -534.89854
-520.479 -329.47857 -369.53264
-63.19802 -476.70195 -448.79607
435.20912 137.1879 -412.77061
263.68259 -210.0393 -497.07392
538.08606 -258.52961 -246.64179
230.88151 126.18541 -522.21754
-204.2912 406.16464 -314.56024
-363.11406 251.15436 -401.25612
-227.48549 292.01206 -446.94669
-433.12296 359.31688 -208.57562
-166.52411 368.7774 -391.07996
-159.85339 387.15975 -371.90721
-530.55611 -238.19636 -386.37039
-536.278 -471.83182 -170.04948
-560.56957 156.46678 -171.15423
-482.53838 -18.79363 -428.7924
-491.15165 -96.79244 -434.89384
-257.32676 -112.60843 -526.64252
-245.83363 25.70076 -529.92433
-483.81426 -51.98285 -437.37321
-178.96544 86.90109 -545.02465
-398.57074 157.12122 -420.31602
-186.91333 50.16557 -551.38959
-392.45435 -558.75809 -127.52088
83.87603 32.96878 546.39996
90.61426 -8.03302 546.39996
164.06386 -19.70849 582.02898
212.93612 185.66493 526.12938
443.51099 286.86344 194.04384
-240.85726 -65.16286 582.48691
-215.54485 153.46894 568.35729
-126.61104 15.41352 581.2519
-90.29725 9.30861 546.39996
-85.05507 -27.22188 546.39996
-182.83788 -85.00746 594.21135
-59.75481 207.19926 553.61977
6.14171 -665.48638 -118.46651
79.08195 -678.49306 41.443
147.89565 -455.82627 -408.06379
2.40065 -517.89405 -427.09794
77.59303 -669.16226 -18.81645
170.1259 -628.42346 -46.15823
104.565 -657.59913 142.77229
329.51549 -454.56325 334.25771
9.36927 -496.47524 447.77636
-130.10011 -127.53912 599.76248
-45.47369 -63.74262 546.39996
586.78735 -82.74544 -54.67696
494.95953 126.5909 -247.86483
590.85807 -7.4336 -19.71356
590.67031 -3.48898 -15.05908
504.54284 -355.24511 192.05189
498.36152 -394.55131 -230.65432
467.86086 -389.18353 213.14854
-15.20851 -499.66631 -443.60241
538.22219 174.7767 5.61086
517.50904 217.03598 -25.22241
421.75499 156.02472 -421.96244
500.47155 246.19625 -27.84956
459.62912 298.18458 38.57904
325.66994 424.53138 -260.04789
260.65548 500.86599 -229.40262
174.71259 507.71394 -259.34935
57.5758 336.57167 -435.35561
130.21825 224.2006 -489.88143
-131.14593 211.85523 -520.01322
-44.25863 249.68482 -497.71626
-127.73285 187.55359 -530.58504
63.48273 -55.55784 546.39996
5.74422 -136.4558 608.87738
16.75653 -66.49859 546.39996
107.28603 -94.76258 597.51576
146.63 -67.45267 587.48797
200.58689 -7.57192 568.34051
236.02296 -20.49131 554.42663
37.58668 -471.79251 466.4518
242.5313 -400.39134 454.68699
276.977 -405.57723 429.22477
-0.36984 -303.31265 566.6244
245.21306 -165.03101 545.577
-74.29383 -229.95748 593.668
-77.4553 -254.82302 587.62016
-10.60944 -61.21303 546.39996
-218.73122 -97.25793 -541.49072
-138.91521 -129.32315 -561.70745
-117.07884 -193.44043 -558.14041
-154.70977 -230.68097 -540.00172
-168.25085 15.85362 -558.71903
-117.0466 -57.80209 -569.92075
-75.51381 -55.20096 -573.951
-14.46259 11.31651 -574.79147
-171.10548 27.00182 -557.5235
22.49194 214.94799 -508.9085
41.97181 331.0747 -440.4722
118.28657 -192.22715 -543.43257
157.92965 -24.37382 -557.30818
103.06008 -78.79424 -565.41595
34.47915 -350.17456 -507.88409
-41.40083 -195.94219 -563.50357
18.98816 -232.75956 -553.78436
147.78293 -232.5198 568.46209
187.28263 -235.23355 557.30946
164.51613 -219.67278 568.06084
237.2295 -137.36672 550.96912
55.07654 -114.07057 -567.74366
68.01046 86.95716 -562.8429
173.37821 80.39667 -551.56731
-51.1509 -81.72016 -573.88003
9.47111 -48.02276 -574.46679
-11.39235 26.62335 -573.86375
30.14943 82.65226 -567.15209
-57.81719 -192.04123 -563.69027
-1.23836 -97.24355 -572.97646
-7.66689 -84.3084 -574.09599

FACES
0 0 0	0 0 0	3	0 1 2
0 0 0	0 0 0	3	0 3 1
0 0 0	0 0 0	3	4 5 6
0 0 0	0 0 0	3	4 7 5
0 0 0	0 0 0	3	4 8 7
0 0 0	0 0 0	3	4 9 8
0 0 0	0 0 0	3	4 10 9
0 0 0	0 0 0	3	11 12 13
0 0 0	0 0 0	3	11 14 15
0 0 0	0 0 0	3	15 16 11
0 0 0	0 0 0	3	15 17 16
0 0 0	0 0 0	3	15 6 17
0 0 0	0 0 0	3	15 18 6
0 0 0	0 0 0	3	15 14 18
0 0 0	0 0 0	3	16 12 11
0 0 0	0 0 0	3	16 19 12
0 0 0	0 0 0	3	16 20 19
0 0 0	0 0 0	3	16 21 22
0 0 0	0 0 0	3	16 23 20
0 0 0	0 0 0	3	24 25 26
0 0 0	0 0 0	3	17 5 27
0 0 0	0 0 0	3	17 21 16
0 0 0	0 0 0	3	27 28 17
0 0 0	0 0 0	3	27 29 28
0 0 0	0 0 0	3	30 31 6
0 0 0	0 0 0	3	30 18 31
0 0 0	0 0 0	3	32 33 34
0 0 0	0 0 0	3	32 35 36
0 0 0	0 0 0	3	34 37 38
0 0 0	0 0 0	3	34 33 37
0 0 0	0 0 0	3	34 39 32
0 0 0	0 0 0	3	34 40 39
0 0 0	0 0 0	3	13 19 38
0 0 0	0 0 0	3	13 14 11
0 0 0	0 0 0	3	38 19 34
0 0 0	0 0 0	3	38 41 42
0 0 0	0 0 0	3	38 37 41
0 0 0	0 0 0	3	38 14 13
0 0 0	0 0 0	3	12 19 13
0 0 0	0 0 0	3	19 20 43
0 0 0	0 0 0	3	19 40 34
0 0 0	0 0 0	3	6 5 17
0 0 0	0 0 0	3	6 31 4
0 0 0	0 0 0	3	6 18 30
0 0 0	0 0 0	3	5 44 27
0 0 0	0 0 0	3	7 44 5
0 0 0	0 0 0	3	7 45 44
0 0 0	0 0 0	3	7 46 45
0 0 0	0 0 0	3	7 47 46
0 0 0	0 0 0	3	44 29 27
0 0 0	0 0 0	3	44 45 48
0 0 0	0 0 0	3	48 29 44
0 0 0	0 0 0	3	48 49 29
0 0 0	0 0 0	3	48 45 49
0 0 0	0 0 0	3	43 40 19
0 0 0	0 0 0	3	28 21 17
0 0 0	0 0 0	3	28 50 21
0 0 0	0 0 0	3	51 50 29
0 0 0	0 0 0	3	51 52 53
0 0 0	0 0 0	3	51 26 50
0 0 0	0 0 0	3	51 54 26
0 0 0	0 0 0	3	29 55 51
0 0 0	0 0 0	3	29 49 55
0 0 0	0 0 0	3	29 50 28
0 0 0	0 0 0	3	36 33 32
0 0 0	0 0 0	3	36 56 33
0 0 0	0 0 0	3	36 57 56
0 0 0	0 0 0	3	58 59 60
0 0 0	0 0 0	3	58 61 2
0 0 0	0 0 0	3	58 1 59
0 0 0	0 0 0	3	2 62 0
0 0 0	0 0 0	3	2 63 62
0 0 0	0 0 0	3	2 1 58
0 0 0	0 0 0	3	2 64 63
0 0 0	0 0 0	3	2 65 64
0 0 0	0 0 0	3	66 67 68
0 0 0	0 0 0	3	66 69 67
0 0 0	0 0 0	3	70 71 72
0 0 0	0 0 0	3	70 73 71
0 0 0	0 0 0	3	31 18 74
0 0 0	0 0 0	3	31 10 4
0 0 0	0 0 0	3	74 75 76
0 0 0	0 0 0	3	74 77 75
0 0 0	0 0 0	3	74 10 31
0 0 0	0 0 0	3	74 78 79
0 0 0	0 0 0	3	68 42 66
0 0 0	0 0 0	3	68 80 42
0 0 0	0 0 0	3	68 67 80
0 0 0	0 0 0	3	42 81 66
0 0 0	0 0 0	3	42 14 38
0 0 0	0 0 0	3	42 82 14
0 0 0	0 0 0	3	42 83 82
0 0 0	0 0 0	3	80 84 42
0 0 0	0 0 0	3	80 85 84
0 0 0	0 0 0	3	18 77 74
0 0 0	0 0 0	3	86 83 87
0 0 0	0 0 0	3	86 88 89
0 0 0	0 0 0	3	86 90 88
0 0 0	0 0 0	3	41 81 42
0 0 0	0 0 0	3	41 91 81
0 0 0	0 0 0	3	37 91 41
0 0 0	0 0 0	3	81 91 66
0 0 0	0 0 0	3	92 54 53
0 0 0	0 0 0	3	53 93 92
0 0 0	0 0 0	3	53 54 51
0 0 0	0 0 0	3	53 94 93
0 0 0	0 0 0	3	95 52 55
0 0 0	0 0 0	3	95 63 52
0 0 0	0 0 0	3	55 52 51
0 0 0	0 0 0	3	55 63 95
0 0 0	0 0 0	3	49 62 55
0 0 0	0 0 0	3	49 45 62
0 0 0	0 0 0	3	62 96 0
0 0 0	0 0 0	3	62 46 96
0 0 0	0 0 0	3	62 63 55
0 0 0	0 0 0	3	45 46 62
0 0 0	0 0 0	3	20 40 43
0 0 0	0 0 0	3	20 97 40
0 0 0	0 0 0	3	20 98 99
0 0 0	0 0 0	3	100 101 99
0 0 0	0 0 0	3	99 97 20
0 0 0	0 0 0	3	99 102 97
0 0 0	0 0 0	3	99 101 102
0 0 0	0 0 0	3	99 25 100
0 0 0	0 0 0	3	22 23 16
0 0 0	0 0 0	3	22 103 23
0 0 0	0 0 0	3	21 50 22
0 0 0	0 0 0	3	50 103 22
0 0 0	0 0 0	3	50 26 103
0 0 0	0 0 0	3	104 33 105
0 0 0	0 0 0	3	104 91 33
0 0 0	0 0 0	3	104 106 107
0 0 0	0 0 0	3	104 69 91
0 0 0	0 0 0	3	105 108 104
0 0 0	0 0 0	3	105 109 108
0 0 0	0 0 0	3	33 91 37
0 0 0	0 0 0	3	33 56 105
0 0 0	0 0 0	3	91 69 66
0 0 0	0 0 0	3	56 110 105
0 0 0	0 0 0	3	56 57 110
0 0 0	0 0 0	3	110 109 105
0 0 0	0 0 0	3	110 111 109
0 0 0	0 0 0	3	110 112 111
0 0 0	0 0 0	3	110 57 112
0 0 0	0 0 0	3	39 35 32
0 0 0	0 0 0	3	40 97 39
0 0 0	0 0 0	3	97 35 39
0 0 0	0 0 0	3	102 35 97
0 0 0	0 0 0	3	101 113 102
0 0 0	0 0 0	3	101 114 113
0 0 0	0 0 0	3	115 116 72
0 0 0	0 0 0	3	115 117 116
0 0 0	0 0 0	3	115 118 117
0 0 0	0 0 0	3	72 119 115
0 0 0	0 0 0	3	72 120 119
0 0 0	0 0 0	3	72 116 70
0 0 0	0 0 0	3	72 71 120
0 0 0	0 0 0	3	119 59 115
0 0 0	0 0 0	3	119 121 59
0 0 0	0 0 0	3	120 109 119
0 0 0	0 0 0	3	120 106 109
0 0 0	0 0 0	3	120 71 106
0 0 0	0 0 0	3	107 69 104
0 0 0	0 0 0	3	107 122 69
0 0 0	0 0 0	3	108 109 104
0 0 0	0 0 0	3	109 121 119
0 0 0	0 0 0	3	109 106 104
0 0 0	0 0 0	3	116 123 124
0 0 0	0 0 0	3	116 125 70
0 0 0	0 0 0	3	124 126 116
0 0 0	0 0 0	3	124 127 126
0 0 0	0 0 0	3	124 123 127
0 0 0	0 0 0	3	117 123 116
0 0 0	0 0 0	3	126 128 116
0 0 0	0 0 0	3	126 47 128
0 0 0	0 0 0	3	126 127 47
0 0 0	0 0 0	3	128 9 129
0 0 0	0 0 0	3	128 47 8
0 0 0	0 0 0	3	128 130 131
0 0 0	0 0 0	3	128 125 116
0 0 0	0 0 0	3	128 132 125
0 0 0	0 0 0	3	129 130 128
0 0 0	0 0 0	3	8 9 128
0 0 0	0 0 0	3	8 47 7
0 0 0	0 0 0	3	9 130 129
0 0 0	0 0 0	3	9 10 130
0 0 0	0 0 0	3	96 3 0
0 0 0	0 0 0	3	46 127 96
0 0 0	0 0 0	3	47 127 46
0 0 0	0 0 0	3	127 3 96
0 0 0	0 0 0	3	127 123 3
0 0 0	0 0 0	3	76 75 89
0 0 0	0 0 0	3	76 78 74
0 0 0	0 0 0	3	76 88 133
0 0 0	0 0 0	3	133 134 76
0 0 0	0 0 0	3	133 135 134
0 0 0	0 0 0	3	133 88 135
0 0 0	0 0 0	3	14 82 18
0 0 0	0 0 0	3	82 83 89
0 0 0	0 0 0	3	82 77 18
0 0 0	0 0 0	3	87 83 84
0 0 0	0 0 0	3	87 85 86
0 0 0	0 0 0	3	84 83 42
0 0 0	0 0 0	3	84 85 87
0 0 0	0 0 0	3	89 75 82
0 0 0	0 0 0	3	89 83 86
0 0 0	0 0 0	3	89 88 76
0 0 0	0 0 0	3	75 77 82
0 0 0	0 0 0	3	136 137 138
0 0 0	0 0 0	3	136 139 137
0 0 0	0 0 0	3	93 139 136
0 0 0	0 0 0	3	93 140 139
0 0 0	0 0 0	3	52 141 53
0 0 0	0 0 0	3	52 142 141
0 0 0	0 0 0	3	63 142 52
0 0 0	0 0 0	3	63 64 142
0 0 0	0 0 0	3	23 98 20
0 0 0	0 0 0	3	23 25 98
0 0 0	0 0 0	3	103 25 23
0 0 0	0 0 0	3	98 25 99
0 0 0	0 0 0	3	26 54 24
0 0 0	0 0 0	3	26 25 103
0 0 0	0 0 0	3	141 94 53
0 0 0	0 0 0	3	141 140 94
0 0 0	0 0 0	3	94 140 93
0 0 0	0 0 0	3	111 121 109
0 0 0	0 0 0	3	111 61 121
0 0 0	0 0 0	3	111 143 144
0 0 0	0 0 0	3	111 112 143
0 0 0	0 0 0	3	60 61 58
0 0 0	0 0 0	3	59 61 60
0 0 0	0 0 0	3	59 1 115
0 0 0	0 0 0	3	121 61 59
0 0 0	0 0 0	3	144 145 111
0 0 0	0 0 0	3	144 143 146
0 0 0	0 0 0	3	144 147 145
0 0 0	0 0 0	3	145 61 111
0 0 0	0 0 0	3	145 147 61
0 0 0	0 0 0	3	61 65 2
0 0 0	0 0 0	3	61 147 65
0 0 0	0 0 0	3	148 35 113
0 0 0	0 0 0	3	148 137 146
0 0 0	0 0 0	3	148 149 35
0 0 0	0 0 0	3	113 35 102
0 0 0	0 0 0	3	113 137 148
0 0 0	0 0 0	3	138 137 150
0 0 0	0 0 0	3	114 137 113
0 0 0	0 0 0	3	150 137 114
0 0 0	0 0 0	3	106 122 107
0 0 0	0 0 0	3	67 85 80
0 0 0	0 0 0	3	67 151 85
0 0 0	0 0 0	3	67 152 151
0 0 0	0 0 0	3	67 153 152
0 0 0	0 0 0	3	67 154 153
0 0 0	0 0 0	3	67 69 154
0 0 0	0 0 0	3	85 151 86
0 0 0	0 0 0	3	151 155 86
0 0 0	0 0 0	3	151 156 155
0 0 0	0 0 0	3	151 152 156
0 0 0	0 0 0	3	1 118 115
0 0 0	0 0 0	3	1 123 118
0 0 0	0 0 0	3	118 123 117
0 0 0	0 0 0	3	3 123 1
0 0 0	0 0 0	3	155 157 158
0 0 0	0 0 0	3	155 159 86
0 0 0	0 0 0	3	134 78 76
0 0 0	0 0 0	3	134 160 161
0 0 0	0 0 0	3	134 135 160
0 0 0	0 0 0	3	162 163 164
0 0 0	0 0 0	3	162 165 71
0 0 0	0 0 0	3	162 166 167
0 0 0	0 0 0	3	71 163 162
0 0 0	0 0 0	3	71 73 163
0 0 0	0 0 0	3	71 165 106
0 0 0	0 0 0	3	131 132 128
0 0 0	0 0 0	3	79 10 74
0 0 0	0 0 0	3	79 161 10
0 0 0	0 0 0	3	79 78 161
0 0 0	0 0 0	3	130 10 131
0 0 0	0 0 0	3	10 161 131
0 0 0	0 0 0	3	35 57 36
0 0 0	0 0 0	3	35 149 146
0 0 0	0 0 0	3	146 57 35
0 0 0	0 0 0	3	146 149 148
0 0 0	0 0 0	3	146 168 144
0 0 0	0 0 0	3	143 57 146
0 0 0	0 0 0	3	112 57 143
0 0 0	0 0 0	3	137 168 146
0 0 0	0 0 0	3	137 139 168
0 0 0	0 0 0	3	168 169 144
0 0 0	0 0 0	3	168 170 169
0 0 0	0 0 0	3	142 140 141
0 0 0	0 0 0	3	142 171 140
0 0 0	0 0 0	3	64 65 142
0 0 0	0 0 0	3	65 171 142
0 0 0	0 0 0	3	139 170 168
0 0 0	0 0 0	3	139 171 170
0 0 0	0 0 0	3	140 171 139
0 0 0	0 0 0	3	169 147 144
0 0 0	0 0 0	3	170 147 169
0 0 0	0 0 0	3	170 171 147
0 0 0	0 0 0	3	147 171 65
0 0 0	0 0 0	3	164 172 162
0 0 0	0 0 0	3	163 173 164
0 0 0	0 0 0	3	163 73 174
0 0 0	0 0 0	3	156 157 155
0 0 0	0 0 0	3	156 175 157
0 0 0	0 0 0	3	152 175 156
0 0 0	0 0 0	3	125 73 70
0 0 0	0 0 0	3	125 132 73
0 0 0	0 0 0	3	161 78 134
0 0 0	0 0 0	3	161 132 131
0 0 0	0 0 0	3	161 160 132
0 0 0	0 0 0	3	174 173 163
0 0 0	0 0 0	3	174 132 173
0 0 0	0 0 0	3	173 176 164
0 0 0	0 0 0	3	173 177 176
0 0 0	0 0 0	3	173 178 177
0 0 0	0 0 0	3	73 132 174
0 0 0	0 0 0	3	132 160 173
0 0 0	0 0 0	3	160 178 173
0 0 0	0 0 0	3	160 135 178
0 0 0	0 0 0	3	153 179 152
0 0 0	0 0 0	3	154 165 167
0 0 0	0 0 0	3	154 69 165
0 0 0	0 0 0	3	154 179 153
0 0 0	0 0 0	3	154 166 179
0 0 0	0 0 0	3	167 165 162
0 0 0	0 0 0	3	167 166 154
0 0 0	0 0 0	3	165 122 106
0 0 0	0 0 0	3	69 122 165
0 0 0	0 0 0	3	158 177 155
0 0 0	0 0 0	3	157 176 158
0 0 0	0 0 0	3	157 175 176
0 0 0	0 0 0	3	176 177 158
0 0 0	0 0 0	3	176 172 164
0 0 0	0 0 0	3	176 180 172
0 0 0	0 0 0	3	177 159 155
0 0 0	0 0 0	3	178 135 177
0 0 0	0 0 0	3	135 88 177
0 0 0	0 0 0	3	88 159 177
0 0 0	0 0 0	3	88 90 159
0 0 0	0 0 0	3	159 90 86
0 0 0	0 0 0	3	172 166 162
0 0 0	0 0 0	3	172 180 166
0 0 0	0 0 0	3	179 175 152
0 0 0	0 0 0	3	179 180 175
0 0 0	0 0 0	3	175 181 176
0 0 0	0 0 0	3	175 180 181
0 0 0	0 0 0	3	166 180 179
0 0 0	0 0 0	3	181 180 176

TEXTURES
0	1.0 1.0	0.93848 0.13371	0.89434 0.20868	0.96712 0.1652
0	1.0 1.0	0.93848 0.13371	0.88967 0.1385	0.89434 0.20868
0	1.0 1.0	0.15705 0.89405	0.14423 0.94743	0.29613 0.89482
0	1.0 1.0	0.15705 0.89405	0.07468 0.88495	0.14423 0.94743
0	1.0 1.0	0.15705 0.89405	0.05557 0.84485	0.07468 0.88495
0	1.0 1.0	0.15705 0.89405	0.06284 0.8017	0.05557 0.84485
0	1.0 1.0	0.15705 0.89405	0.14269 0.77676	0.06284 0.8017
0	1.0 1.0	0.53912 0.39856	0.51595 0.4784	0.57085 0.5195
0	1.0 1.0	0.53912 0.39856	0.6495 0.5007	0.56177 0.37869
0	1.0 1.0	0.29908 0.90024	0.23161 0.982	0.31497 0.92213
0	1.0 1.0	0.29908 0.90024	0.17822 0.96354	0.23161 0.982
0	1.0 1.0	0.29908 0.90024	0.29613 0.89482	0.17822 0.96354
0	1.0 1.0	0.56177 0.37869	0.66955 0.40909	0.56731 0.37539
0	1.0 1.0	0.56177 0.37869	0.6495 0.5007	0.66955 0.40909
0	1.0 1.0	0.47398 0.39876	0.51595 0.4784	0.53912 0.39856
0	1.0 1.0	0.47398 0.39876	0.46777 0.5031	0.51595 0.4784
0	1.0 1.0	0.2384 0.0512	0.24935 0.13165	0.34864 0.14186
0	1.0 1.0	0.2384 0.0512	0.19921 0.06782	0.21602 0.07313
0	1.0 1.0	0.2384 0.0512	0.23278 0.11555	0.24935 0.13165
0	1.0 1.0	0.16894 0.16636	0.18315 0.16991	0.1631 0.13778
0	1.0 1.0	0.17822 0.96354	0.14423 0.94743	0.16221 0.96433
0	1.0 1.0	0.18565 0.02201	0.19921 0.06782	0.2384 0.0512
0	1.0 1.0	0.16981 0.01921	0.17524 0.05815	0.18565 0.02201
0	1.0 1.0	0.16981 0.01921	0.13439 0.07845	0.17524 0.05815
0	1.0 1.0	0.2814 0.86105	0.22962 0.845	0.29613 0.89482
0	1.0 1.0	0.2814 0.86105	0.29873 0.79003	0.22962 0.845
0	1.0 1.0	0.08877 0.65653	0.13832 0.58182	0.03998 0.57822
0	1.0 1.0	0.29887 0.31822	0.22533 0.28808	0.24738 0.35721
0	1.0 1.0	0.54897 0.67342	0.57538 0.6777	0.58246 0.54694
0	1.0 1.0	0.03998 0.57822	0.13832 0.58182	0.03094 0.55225
0	1.0 1.0	0.54897 0.67342	0.43346 0.6293	0.46836 0.67284
0	1.0 1.0	0.54897 0.67342	0.42234 0.55189	0.43346 0.6293
0	1.0 1.0	0.57085 0.5195	0.46777 0.5031	0.58246 0.54694
0	1.0 1.0	0.57085 0.5195	0.6495 0.5007	0.53912 0.39856
0	1.0 1.0	0.58246 0.54694	0.46777 0.5031	0.54897 0.67342
0	1.0 1.0	0.58246 0.54694	0.58805 0.67778	0.68146 0.58215
0	1.0 1.0	0.58246 0.54694	0.57538 0.6777	0.58805 0.67778
0	1.0 1.0	0.58246 0.54694	0.6495 0.5007	0.57085 0.5195
0	1.0 1.0	0.51595 0.4784	0.46777 0.5031	0.57085 0.5195
0	1.0 1.0	0.34864 0.14186	0.24935 0.13165	0.32246 0.16777
0	1.0 1.0	0.46777 0.5031	0.42234 0.55189	0.54897 0.67342
0	1.0 1.0	0.29613 0.89482	0.14423 0.94743	0.17822 0.96354
0	1.0 1.0	0.29613 0.89482	0.22962 0.845	0.15705 0.89405
0	1.0 1.0	0.56731 0.37539	0.66955 0.40909	0.60148 0.36075
0	1.0 1.0	0.14423 0.94743	0.08846 0.95376	0.16221 0.96433
0	1.0 1.0	0.07468 0.88495	0.08846 0.95376	0.14423 0.94743
0	1.0 1.0	0.07468 0.88495	0.05602 0.96102	0.08846 0.95376
0	1.0 1.0	0.07468 0.88495	0.02324 0.92386	0.05602 0.96102
0	1.0 1.0	0.07468 0.88495	0.03567 0.8676	0.02324 0.92386
0	1.0 1.0	0.09542 0.02228	0.13439 0.07845	0.16981 0.01921
0	1.0 1.0	0.08846 0.95376	0.05602 0.96102	0.07502 0.96693
0	1.0 1.0	0.08177 0.03791	0.13439 0.07845	0.09542 0.02228
0	1.0 1.0	0.08177 0.03791	0.11689 0.08216	0.13439 0.07845
0	1.0 1.0	0.08177 0.03791	0.06193 0.04925	0.11689 0.08216
0	1.0 1.0	0.43095 0.5209	0.42234 0.55189	0.46777 0.5031
0	1.0 1.0	0.17524 0.05815	0.19921 0.06782	0.18565 0.02201
0	1.0 1.0	0.17524 0.05815	0.17292 0.10521	0.19921 0.06782
0	1.0 1.0	0.15139 0.132	0.17292 0.10521	0.13439 0.07845
0	1.0 1.0	0.15139 0.132	0.10454 0.14877	0.12295 0.16169
0	1.0 1.0	0.15139 0.132	0.1631 0.13778	0.17292 0.10521
0	1.0 1.0	0.15139 0.132	0.15328 0.16698	0.1631 0.13778
0	1.0 1.0	0.13439 0.07845	0.11074 0.10013	0.15139 0.132
0	1.0 1.0	0.13439 0.07845	0.11689 0.08216	0.11074 0.10013
0	1.0 1.0	0.13439 0.07845	0.17292 0.10521	0.17524 0.05815
0	1.0 1.0	0.1388 0.64285	0.13832 0.58182	0.08877 0.65653
0	1.0 1.0	0.1388 0.64285	0.15352 0.59902	0.13832 0.58182
0	1.0 1.0	0.1388 0.64285	0.20663 0.67193	0.15352 0.59902
0	1.0 1.0	0.9021 0.21726	0.88873 0.29811	0.91484 0.25515
0	1.0 1.0	0.9021 0.21726	0.96835 0.24793	0.96712 0.1652
0	1.0 1.0	0.9021 0.21726	0.89434 0.20868	0.88873 0.29811
0	1.0 1.0	0.02924 0.155	0.04344 0.09266	0.02037 0.11859
0	1.0 1.0	0.02924 0.155	0.0799 0.12905	0.04344 0.09266
0	1.0 1.0	0.96712 0.1652	0.89434 0.20868	0.9021 0.21726
0	1.0 1.0	0.02924 0.155	0.04386 0.16898	0.0799 0.12905
0	1.0 1.0	0.96712 0.1652	0.97808 0.23801	0.9867 0.17452
0	1.0 1.0	0.3357 0.31744	0.44693 0.27608	0.33485 0.30976
0	1.0 1.0	0.3357 0.31744	0.4868 0.36007	0.44693 0.27608
0	1.0 1.0	0.65697 0.15068	0.59568 0.26921	0.69824 0.2854
0	1.0 1.0	0.65697 0.15068	0.58355 0.15459	0.59568 0.26921
0	1.0 1.0	0.22962 0.845	0.29873 0.79003	0.22332 0.747
0	1.0 1.0	0.22962 0.845	0.14269 0.77676	0.15705 0.89405
0	1.0 1.0	0.22332 0.747	0.27986 0.71357	0.23293 0.69908
0	1.0 1.0	0.22332 0.747	0.30216 0.78185	0.27986 0.71357
0	1.0 1.0	0.22332 0.747	0.14269 0.77676	0.22962 0.845
0	1.0 1.0	0.22332 0.747	0.21098 0.72003	0.20843 0.72702
0	1.0 1.0	0.73195 0.65377	0.68146 0.58215	0.72822 0.66133
0	1.0 1.0	0.73195 0.65377	0.73807 0.62341	0.68146 0.58215
0	1.0 1.0	0.33485 0.30976	0.44693 0.27608	0.33078 0.27866
0	1.0 1.0	0.68146 0.58215	0.66395 0.70259	0.72822 0.66133
0	1.0 1.0	0.68146 0.58215	0.6495 0.5007	0.58246 0.54694
0	1.0 1.0	0.68146 0.58215	0.66622 0.49153	0.6495 0.5007
0	1.0 1.0	0.68146 0.58215	0.75223 0.54705	0.66622 0.49153
0	1.0 1.0	0.73807 0.62341	0.75426 0.5738	0.68146 0.58215
0	1.0 1.0	0.33078 0.27866	0.41798 0.23602	0.34225 0.2305
0	1.0 1.0	0.29873 0.79003	0.30216 0.78185	0.22332 0.747
0	1.0 1.0	0.42173 0.18886	0.34539 0.2039	0.34464 0.21523
0	1.0 1.0	0.42173 0.18886	0.4438 0.16802	0.37414 0.1439
0	1.0 1.0	0.42173 0.18886	0.44087 0.18055	0.4438 0.16802
0	1.0 1.0	0.58805 0.67778	0.66395 0.70259	0.68146 0.58215
0	1.0 1.0	0.02629 0.53979	0.09233 0.47817	0.04379 0.46318
0	1.0 1.0	0.03094 0.55225	0.09233 0.47817	0.02629 0.53979
0	1.0 1.0	0.04379 0.46318	0.09233 0.47817	0.05029 0.39814
0	1.0 1.0	0.13491 0.17708	0.15328 0.16698	0.12295 0.16169
0	1.0 1.0	0.12295 0.16169	0.13254 0.19096	0.13491 0.17708
0	1.0 1.0	0.12295 0.16169	0.15328 0.16698	0.15139 0.132
0	1.0 1.0	0.12295 0.16169	0.108 0.19637	0.13254 0.19096
0	1.0 1.0	0.09091 0.12456	0.10454 0.14877	0.11074 0.10013
0	1.0 1.0	0.09091 0.12456	0.0799 0.12905	0.10454 0.14877
0	1.0 1.0	0.11074 0.10013	0.10454 0.14877	0.15139 0.132
0	1.0 1.0	0.11074 0.10013	0.0799 0.12905	0.09091 0.12456
0	1.0 1.0	0.11689 0.08216	0.04344 0.09266	0.11074 0.10013
0	1.0 1.0	0.11689 0.08216	0.06193 0.04925	0.04344 0.09266
0	1.0 1.0	0.94494 0.10351	0.88105 0.1006	0.93848 0.13371
0	1.0 1.0	0.94494 0.10351	0.88837 0.07714	0.88105 0.1006
0	1.0 1.0	0.04344 0.09266	0.0799 0.12905	0.11074 0.10013
0	1.0 1.0	0.92834 0.0593	0.88837 0.07714	0.94494 0.10351
0	1.0 1.0	0.24935 0.13165	0.30842 0.20172	0.32246 0.16777
0	1.0 1.0	0.24935 0.13165	0.24589 0.21178	0.30842 0.20172
0	1.0 1.0	0.24935 0.13165	0.23744 0.13719	0.20709 0.18445
0	1.0 1.0	0.19421 0.18509	0.19236 0.19746	0.20709 0.18445
0	1.0 1.0	0.20709 0.18445	0.24589 0.21178	0.24935 0.13165
0	1.0 1.0	0.20709 0.18445	0.22625 0.21898	0.24589 0.21178
0	1.0 1.0	0.20709 0.18445	0.19236 0.19746	0.22625 0.21898
0	1.0 1.0	0.20709 0.18445	0.18315 0.16991	0.19421 0.18509
0	1.0 1.0	0.21602 0.07313	0.23278 0.11555	0.2384 0.0512
0	1.0 1.0	0.21602 0.07313	0.18425 0.11839	0.23278 0.11555
0	1.0 1.0	0.19921 0.06782	0.17292 0.10521	0.21602 0.07313
0	1.0 1.0	0.17292 0.10521	0.18425 0.11839	0.21602 0.07313
0	1.0 1.0	0.17292 0.10521	0.1631 0.13778	0.18425 0.11839
0	1.0 1.0	0.22762 0.48187	0.13832 0.58182	0.25243 0.53646
0	1.0 1.0	0.22762 0.48187	0.09233 0.47817	0.13832 0.58182
0	1.0 1.0	0.22762 0.48187	0.27713 0.38194	0.22717 0.3758
0	1.0 1.0	0.22762 0.48187	0.20503 0.36817	0.09233 0.47817
0	1.0 1.0	0.25243 0.53646	0.25197 0.51586	0.22762 0.48187
0	1.0 1.0	0.25243 0.53646	0.28375 0.50631	0.25197 0.51586
0	1.0 1.0	0.13832 0.58182	0.09233 0.47817	0.03094 0.55225
0	1.0 1.0	0.13832 0.58182	0.15352 0.59902	0.25243 0.53646
0	1.0 1.0	0.09233 0.47817	0.20503 0.36817	0.05029 0.39814
0	1.0 1.0	0.15352 0.59902	0.26125 0.57089	0.25243 0.53646
0	1.0 1.0	0.15352 0.59902	0.20663 0.67193	0.26125 0.57089
0	1.0 1.0	0.26125 0.57089	0.28375 0.50631	0.25243 0.53646
0	1.0 1.0	0.26125 0.57089	0.33913 0.63503	0.28375 0.50631
0	1.0 1.0	0.26125 0.57089	0.22975 0.67397	0.33913 0.63503
0	1.0 1.0	0.26125 0.57089	0.20663 0.67193	0.22975 0.67397
0	1.0 1.0	0.29189 0.27997	0.22533 0.28808	0.29887 0.31822
0	1.0 1.0	0.30842 0.20172	0.24589 0.21178	0.29189 0.27997
0	1.0 1.0	0.24589 0.21178	0.22533 0.28808	0.29189 0.27997
0	1.0 1.0	0.22625 0.21898	0.22533 0.28808	0.24589 0.21178
0	1.0 1.0	0.19236 0.19746	0.20829 0.23361	0.22625 0.21898
0	1.0 1.0	0.19236 0.19746	0.17881 0.20982	0.20829 0.23361
0	1.0 1.0	0.79359 0.23324	0.73061 0.15748	0.7321 0.28936
0	1.0 1.0	0.79359 0.23324	0.80466 0.20819	0.73061 0.15748
0	1.0 1.0	0.79359 0.23324	0.80622 0.20685	0.80466 0.20819
0	1.0 1.0	0.7321 0.28936	0.88265 0.31984	0.79359 0.23324
0	1.0 1.0	0.7321 0.28936	0.74025 0.33267	0.88265 0.31984
0	1.0 1.0	0.7321 0.28936	0.73061 0.15748	0.67732 0.15037
0	1.0 1.0	0.69824 0.2854	0.59568 0.26921	0.68541 0.33176
0	1.0 1.0	0.88265 0.31984	0.88873 0.29811	0.79359 0.23324
0	1.0 1.0	0.88265 0.31984	0.89162 0.32905	0.88873 0.29811
0	1.0 1.0	0.397 0.44208	0.28375 0.50631	0.39937 0.58598
0	1.0 1.0	0.397 0.44208	0.27713 0.38194	0.28375 0.50631
0	1.0 1.0	0.68541 0.33176	0.59568 0.26921	0.55988 0.3529
0	1.0 1.0	0.22717 0.3758	0.20503 0.36817	0.22762 0.48187
0	1.0 1.0	0.22717 0.3758	0.22126 0.37007	0.20503 0.36817
0	1.0 1.0	0.25197 0.51586	0.28375 0.50631	0.22762 0.48187
0	1.0 1.0	0.28375 0.50631	0.38667 0.59337	0.39937 0.58598
0	1.0 1.0	0.28375 0.50631	0.27713 0.38194	0.22762 0.48187
0	1.0 1.0	0.73061 0.15748	0.8141 0.14388	0.80424 0.12845
0	1.0 1.0	0.73061 0.15748	0.67465 0.14324	0.67732 0.15037
0	1.0 1.0	0.80424 0.12845	0.80387 0.11765	0.73061 0.15748
0	1.0 1.0	0.80424 0.12845	0.82769 0.09776	0.80387 0.11765
0	1.0 1.0	0.80424 0.12845	0.8141 0.14388	0.82769 0.09776
0	1.0 1.0	0.80466 0.20819	0.8141 0.14388	0.73061 0.15748
0	1.0 1.0	0.80387 0.11765	0.73149 0.04736	0.73061 0.15748
0	1.0 1.0	0.80387 0.11765	0.83157 0.04816	0.73149 0.04736
0	1.0 1.0	0.80387 0.11765	0.82769 0.09776	0.83157 0.04816
0	1.0 1.0	0.73149 0.04736	0.76706 0.0168	0.74407 0.01786
0	1.0 1.0	0.73149 0.04736	0.83157 0.04816	0.80949 0.02304
0	1.0 1.0	0.62564 0.05249	0.5745 0.02412	0.52811 0.08273
0	1.0 1.0	0.73149 0.04736	0.67465 0.14324	0.73061 0.15748
0	1.0 1.0	0.62564 0.05249	0.55066 0.12112	0.65205 0.14427
0	1.0 1.0	0.60477 0.02642	0.5745 0.02412	0.62564 0.05249
0	1.0 1.0	0.80949 0.02304	0.76706 0.0168	0.73149 0.04736
0	1.0 1.0	0.05557 0.84485	0.03567 0.8676	0.07468 0.88495
0	1.0 1.0	0.06284 0.8017	0.09263 0.76837	0.0635 0.77838
0	1.0 1.0	0.06284 0.8017	0.14269 0.77676	0.09263 0.76837
0	1.0 1.0	0.88105 0.1006	0.88967 0.1385	0.93848 0.13371
0	1.0 1.0	0.88837 0.07714	0.82769 0.09776	0.88105 0.1006
0	1.0 1.0	0.83157 0.04816	0.82769 0.09776	0.88837 0.07714
0	1.0 1.0	0.82769 0.09776	0.88967 0.1385	0.88105 0.1006
0	1.0 1.0	0.82769 0.09776	0.8141 0.14388	0.88967 0.1385
0	1.0 1.0	0.43108 0.09794	0.38687 0.11181	0.37414 0.1439
0	1.0 1.0	0.23293 0.69908	0.21098 0.72003	0.22332 0.747
0	1.0 1.0	0.43108 0.09794	0.4438 0.16802	0.46094 0.12537
0	1.0 1.0	0.46094 0.12537	0.49123 0.11244	0.43108 0.09794
0	1.0 1.0	0.46094 0.12537	0.4617 0.13367	0.49123 0.11244
0	1.0 1.0	0.46094 0.12537	0.4438 0.16802	0.4617 0.13367
0	1.0 1.0	0.6495 0.5007	0.66622 0.49153	0.66955 0.40909
0	1.0 1.0	0.66622 0.49153	0.75223 0.54705	0.74833 0.48369
0	1.0 1.0	0.66622 0.49153	0.67728 0.41702	0.66955 0.40909
0	1.0 1.0	0.75509 0.55832	0.75223 0.54705	0.75426 0.5738
0	1.0 1.0	0.34464 0.21523	0.41798 0.23602	0.42173 0.18886
0	1.0 1.0	0.75426 0.5738	0.75223 0.54705	0.68146 0.58215
0	1.0 1.0	0.34225 0.2305	0.41798 0.23602	0.34464 0.21523
0	1.0 1.0	0.74833 0.48369	0.74146 0.45026	0.66622 0.49153
0	1.0 1.0	0.37414 0.1439	0.34539 0.2039	0.42173 0.18886
0	1.0 1.0	0.37414 0.1439	0.4438 0.16802	0.43108 0.09794
0	1.0 1.0	0.74146 0.45026	0.67728 0.41702	0.66622 0.49153
0	1.0 1.0	0.14171 0.20705	0.16212 0.237	0.15761 0.21075
0	1.0 1.0	0.14171 0.20705	0.12744 0.22242	0.16212 0.237
0	1.0 1.0	0.13254 0.19096	0.12744 0.22242	0.14171 0.20705
0	1.0 1.0	0.13254 0.19096	0.11394 0.21276	0.12744 0.22242
0	1.0 1.0	0.10454 0.14877	0.09538 0.1917	0.12295 0.16169
0	1.0 1.0	0.10454 0.14877	0.08309 0.19551	0.09538 0.1917
0	1.0 1.0	0.0799 0.12905	0.08309 0.19551	0.10454 0.14877
0	1.0 1.0	0.0799 0.12905	0.04386 0.16898	0.08309 0.19551
0	1.0 1.0	0.23278 0.11555	0.23744 0.13719	0.24935 0.13165
0	1.0 1.0	0.23278 0.11555	0.18315 0.16991	0.23744 0.13719
0	1.0 1.0	0.18425 0.11839	0.18315 0.16991	0.23278 0.11555
0	1.0 1.0	0.23744 0.13719	0.18315 0.16991	0.20709 0.18445
0	1.0 1.0	0.1631 0.13778	0.15328 0.16698	0.16894 0.16636
0	1.0 1.0	0.1631 0.13778	0.18315 0.16991	0.18425 0.11839
0	1.0 1.0	0.09538 0.1917	0.108 0.19637	0.12295 0.16169
0	1.0 1.0	0.09538 0.1917	0.11394 0.21276	0.108 0.19637
0	1.0 1.0	0.108 0.19637	0.11394 0.21276	0.13254 0.19096
0	1.0 1.0	0.33913 0.63503	0.38667 0.59337	0.28375 0.50631
0	1.0 1.0	0.93902 0.34277	0.96835 0.24793	0.89162 0.32905
0	1.0 1.0	0.33913 0.63503	0.23951 0.6802	0.3098 0.67578
0	1.0 1.0	0.33913 0.63503	0.22975 0.67397	0.23951 0.6802
0	1.0 1.0	0.91484 0.25515	0.96835 0.24793	0.9021 0.21726
0	1.0 1.0	0.88873 0.29811	0.96835 0.24793	0.91484 0.25515
0	1.0 1.0	0.88873 0.29811	0.89434 0.20868	0.79359 0.23324
0	1.0 1.0	0.89162 0.32905	0.96835 0.24793	0.88873 0.29811
0	1.0 1.0	0.3098 0.67578	0.32151 0.66713	0.33913 0.63503
0	1.0 1.0	0.07882 0.32002	0.14869 0.34467	0.16332 0.29175
0	1.0 1.0	0.07882 0.32002	0.07959 0.24407	0.06671 0.32073
0	1.0 1.0	0.97303 0.32319	0.96835 0.24793	0.93902 0.34277
0	1.0 1.0	0.06671 0.32073	0.07959 0.24407	0.02263 0.23733
0	1.0 1.0	0.96835 0.24793	0.97808 0.23801	0.96712 0.1652
0	1.0 1.0	0.02263 0.23733	0.07959 0.24407	0.03123 0.22985
0	1.0 1.0	0.18902 0.26803	0.22533 0.28808	0.20829 0.23361
0	1.0 1.0	0.18902 0.26803	0.16212 0.237	0.16332 0.29175
0	1.0 1.0	0.18902 0.26803	0.18996 0.2762	0.22533 0.28808
0	1.0 1.0	0.20829 0.23361	0.22533 0.28808	0.22625 0.21898
0	1.0 1.0	0.20829 0.23361	0.16212 0.237	0.18902 0.26803
0	1.0 1.0	0.15761 0.21075	0.16212 0.237	0.16694 0.20896
0	1.0 1.0	0.17881 0.20982	0.16212 0.237	0.20829 0.23361
0	1.0 1.0	0.16694 0.20896	0.16212 0.237	0.17881 0.20982
0	1.0 1.0	0.55988 0.3529	0.50326 0.3679	0.50986 0.37409
0	1.0 1.0	0.44693 0.27608	0.41798 0.23602	0.33078 0.27866
0	1.0 1.0	0.44693 0.27608	0.43049 0.23081	0.41798 0.23602
0	1.0 1.0	0.44693 0.27608	0.45677 0.24177	0.43049 0.23081
0	1.0 1.0	0.44693 0.27608	0.46432 0.26363	0.45677 0.24177
0	1.0 1.0	0.44693 0.27608	0.45226 0.2763	0.46432 0.26363
0	1.0 1.0	0.44693 0.27608	0.4868 0.36007	0.45226 0.2763
0	1.0 1.0	0.41798 0.23602	0.43049 0.23081	0.42173 0.18886
0	1.0 1.0	0.43049 0.23081	0.44692 0.19226	0.42173 0.18886
0	1.0 1.0	0.43049 0.23081	0.46386 0.21739	0.44692 0.19226
0	1.0 1.0	0.43049 0.23081	0.45677 0.24177	0.46386 0.21739
0	1.0 1.0	0.89434 0.20868	0.80622 0.20685	0.79359 0.23324
0	1.0 1.0	0.89434 0.20868	0.8141 0.14388	0.80622 0.20685
0	1.0 1.0	0.80622 0.20685	0.8141 0.14388	0.80466 0.20819
0	1.0 1.0	0.88967 0.1385	0.8141 0.14388	0.89434 0.20868
0	1.0 1.0	0.44692 0.19226	0.47778 0.21651	0.49842 0.19383
0	1.0 1.0	0.44692 0.19226	0.446 0.18846	0.42173 0.18886
0	1.0 1.0	0.49123 0.11244	0.45386 0.07168	0.43108 0.09794
0	1.0 1.0	0.49123 0.11244	0.51343 0.1243	0.52263 0.08461
0	1.0 1.0	0.49123 0.11244	0.4617 0.13367	0.51343 0.1243
0	1.0 1.0	0.54463 0.2632	0.55751 0.20598	0.53862 0.22455
0	1.0 1.0	0.54463 0.2632	0.51762 0.31701	0.59568 0.26921
0	1.0 1.0	0.54463 0.2632	0.48976 0.26449	0.5106 0.27703
0	1.0 1.0	0.59568 0.26921	0.55751 0.20598	0.54463 0.2632
0	1.0 1.0	0.59568 0.26921	0.58355 0.15459	0.55751 0.20598
0	1.0 1.0	0.59568 0.26921	0.51762 0.31701	0.55988 0.3529
0	1.0 1.0	0.52811 0.08273	0.55066 0.12112	0.62564 0.05249
0	1.0 1.0	0.20843 0.72702	0.14269 0.77676	0.22332 0.747
0	1.0 1.0	0.20843 0.72702	0.14052 0.70227	0.14269 0.77676
0	1.0 1.0	0.20843 0.72702	0.21098 0.72003	0.14052 0.70227
0	1.0 1.0	0.09263 0.76837	0.14269 0.77676	0.13512 0.70415
0	1.0 1.0	0.14269 0.77676	0.14052 0.70227	0.13512 0.70415
0	1.0 1.0	0.22533 0.28808	0.18103 0.35088	0.24738 0.35721
0	1.0 1.0	0.22533 0.28808	0.18996 0.2762	0.16332 0.29175
0	1.0 1.0	0.16332 0.29175	0.18103 0.35088	0.22533 0.28808
0	1.0 1.0	0.16332 0.29175	0.18996 0.2762	0.18902 0.26803
0	1.0 1.0	0.16332 0.29175	0.11299 0.26786	0.07882 0.32002
0	1.0 1.0	0.14869 0.34467	0.18103 0.35088	0.16332 0.29175
0	1.0 1.0	0.15799 0.35226	0.18103 0.35088	0.14869 0.34467
0	1.0 1.0	0.16212 0.237	0.11299 0.26786	0.16332 0.29175
0	1.0 1.0	0.16212 0.237	0.12744 0.22242	0.11299 0.26786
0	1.0 1.0	0.11299 0.26786	0.09937 0.26832	0.07882 0.32002
0	1.0 1.0	0.11299 0.26786	0.10731 0.26349	0.09937 0.26832
0	1.0 1.0	0.08309 0.19551	0.11394 0.21276	0.09538 0.1917
0	1.0 1.0	0.08309 0.19551	0.08243 0.23493	0.11394 0.21276
0	1.0 1.0	0.04386 0.16898	0.03123 0.22985	0.08309 0.19551
0	1.0 1.0	0.03123 0.22985	0.08243 0.23493	0.08309 0.19551
0	1.0 1.0	0.12744 0.22242	0.10731 0.26349	0.11299 0.26786
0	1.0 1.0	0.12744 0.22242	0.08243 0.23493	0.10731 0.26349
0	1.0 1.0	0.11394 0.21276	0.08243 0.23493	0.12744 0.22242
0	1.0 1.0	0.09937 0.26832	0.07959 0.24407	0.07882 0.32002
0	1.0 1.0	0.10731 0.26349	0.07959 0.24407	0.09937 0.26832
0	1.0 1.0	0.10731 0.26349	0.08243 0.23493	0.07959 0.24407
0	1.0 1.0	0.07959 0.24407	0.08243 0.23493	0.03123 0.22985
0	1.0 1.0	0.53862 0.22455	0.52227 0.23658	0.54463 0.2632
0	1.0 1.0	0.55751 0.20598	0.52681 0.16802	0.53862 0.22455
0	1.0 1.0	0.55751 0.20598	0.58355 0.15459	0.56295 0.17024
0	1.0 1.0	0.46386 0.21739	0.47778 0.21651	0.44692 0.19226
0	1.0 1.0	0.46386 0.21739	0.48604 0.22556	0.47778 0.21651
0	1.0 1.0	0.45677 0.24177	0.48604 0.22556	0.46386 0.21739
0	1.0 1.0	0.65205 0.14427	0.58355 0.15459	0.65697 0.15068
0	1.0 1.0	0.65205 0.14427	0.55066 0.12112	0.58355 0.15459
0	1.0 1.0	0.52263 0.08461	0.45386 0.07168	0.49123 0.11244
0	1.0 1.0	0.52263 0.08461	0.55066 0.12112	0.52811 0.08273
0	1.0 1.0	0.52263 0.08461	0.51343 0.1243	0.55066 0.12112
0	1.0 1.0	0.56295 0.17024	0.52681 0.16802	0.55751 0.20598
0	1.0 1.0	0.56295 0.17024	0.55066 0.12112	0.52681 0.16802
0	1.0 1.0	0.52681 0.16802	0.50655 0.21406	0.53862 0.22455
0	1.0 1.0	0.52681 0.16802	0.4995 0.18861	0.50655 0.21406
0	1.0 1.0	0.52681 0.16802	0.51382 0.16949	0.4995 0.18861
0	1.0 1.0	0.58355 0.15459	0.55066 0.12112	0.56295 0.17024
0	1.0 1.0	0.55066 0.12112	0.51343 0.1243	0.52681 0.16802
0	1.0 1.0	0.51343 0.1243	0.51382 0.16949	0.52681 0.16802
0	1.0 1.0	0.51343 0.1243	0.4617 0.13367	0.51382 0.16949
0	1.0 1.0	0.46432 0.26363	0.48419 0.26316	0.45677 0.24177
0	1.0 1.0	0.45226 0.2763	0.51762 0.31701	0.5106 0.27703
0	1.0 1.0	0.45226 0.2763	0.4868 0.36007	0.51762 0.31701
0	1.0 1.0	0.45226 0.2763	0.48419 0.26316	0.46432 0.26363
0	1.0 1.0	0.45226 0.2763	0.48976 0.26449	0.48419 0.26316
0	1.0 1.0	0.5106 0.27703	0.51762 0.31701	0.54463 0.2632
0	1.0 1.0	0.5106 0.27703	0.48976 0.26449	0.45226 0.2763
0	1.0 1.0	0.51762 0.31701	0.50326 0.3679	0.55988 0.3529
0	1.0 1.0	0.4868 0.36007	0.50326 0.3679	0.51762 0.31701
0	1.0 1.0	0.49842 0.19383	0.4995 0.18861	0.44692 0.19226
0	1.0 1.0	0.47778 0.21651	0.50655 0.21406	0.49842 0.19383
0	1.0 1.0	0.47778 0.21651	0.48604 0.22556	0.50655 0.21406
0	1.0 1.0	0.50655 0.21406	0.4995 0.18861	0.49842 0.19383
0	1.0 1.0	0.50655 0.21406	0.52227 0.23658	0.53862 0.22455
0	1.0 1.0	0.50655 0.21406	0.50299 0.23085	0.52227 0.23658
0	1.0 1.0	0.4995 0.18861	0.446 0.18846	0.44692 0.19226
0	1.0 1.0	0.51382 0.16949	0.4617 0.13367	0.4995 0.18861
0	1.0 1.0	0.4617 0.13367	0.4438 0.16802	0.4995 0.18861
0	1.0 1.0	0.4438 0.16802	0.446 0.18846	0.4995 0.18861
0	1.0 1.0	0.4438 0.16802	0.44087 0.18055	0.446 0.18846
0	1.0 1.0	0.446 0.18846	0.44087 0.18055	0.42173 0.18886
0	1.0 1.0	0.52227 0.23658	0.48976 0.26449	0.54463 0.2632
0	1.0 1.0	0.52227 0.23658	0.50299 0.23085	0.48976 0.26449
0	1.0 1.0	0.48419 0.26316	0.48604 0.22556	0.45677 0.24177
0	1.0 1.0	0.48419 0.26316	0.50299 0.23085	0.48604 0.22556
0	1.0 1.0	0.48604 0.22556	0.50077 0.22644	0.50655 0.21406
0	1.0 1.0	0.48604 0.22556	0.50299 0.23085	0.50077 0.22644
0	1.0 1.0	0.48976 0.26449	0.50299 0.23085	0.48419 0.26316
0	1.0 1.0	0.50077 0.22644	0.50299 0.23085	0.50655 0.21406

NAMES 1
jaguar_company_base

NORMALS
0.73612 0.40006 0.54597
0.94511 0.11978 0.30401
0.72557 0.23579 0.6465
0.85785 0.42486 0.2891
0.08021 0.98974 0.11824
0.01373 0.93501 0.35436
-0.3952 0.89453 0.20888
0.41914 0.88411 0.20656
0.52057 0.85196 0.05637
0.35575 0.93389 -0.03598
-0.04407 0.9057 -0.42162
-0.77577 0.5905 0.22244
-0.81201 0.44413 0.37865
-0.9394 0.33978 0.04548
-0.91194 0.37629 -0.16361
-0.60697 0.7761 0.17107
-0.34541 0.70065 0.62433
-0.1819 0.84787 0.49802
-0.70836 0.63922 -0.29937
-0.82977 0.23834 0.50466
-0.34362 0.31713 0.88394
-0.11878 0.69799 0.70618
-0.15681 0.61185 0.77528
-0.16469 0.449 0.87823
0.03775 -0.34452 0.93802
0.15222 -0.04478 0.98733
0.03004 -0.0028 0.99954
0.01055 0.81484 0.57959
-0.05256 0.70199 0.71024
0.08488 0.64132 0.76256
-0.51318 0.84881 -0.12712
-0.2169 0.96257 -0.1625
-0.52453 -0.6385 0.5632
-0.45172 -0.87553 0.17143
-0.82134 -0.39285 0.41361
-0.22915 -0.38603 0.89357
-0.35602 -0.75611 0.54914
-0.75485 -0.59347 0.27928
-0.99285 0.04998 0.10837
-0.5245 -0.31374 0.7915
-0.58508 -0.12049 0.80197
-0.88293 -0.46417 0.07062
-0.9641 -0.00925 -0.26536
-0.55316 0.18197 0.81296
0.30013 0.84609 0.44052
0.57952 0.6869 0.43854
0.68116 0.67543 0.28252
0.69313 0.71714 0.07266
0.34379 0.74875 0.56672
0.34906 0.58228 0.73424
-0.00299 0.516 0.85659
0.09302 0.24979 0.96382
0.30382 0.23052 0.92442
-0.12468 -0.03813 0.99146
-0.04714 -0.29378 0.95471
0.29377 0.46319 0.83615
-0.2199 -0.92761 0.30197
-0.11162 -0.70869 0.69663
0.89788 0.02689 0.43943
0.90357 -0.27181 0.33118
0.86125 -0.15891 0.48269
0.70563 -0.23018 0.67016
0.61092 0.50559 0.60922
0.50209 0.34145 0.79456
0.58532 0.14642 0.79747
0.61118 -0.04306 0.79032
-0.60697 -0.51957 -0.60136
-0.31354 -0.25872 -0.91365
-0.74834 -0.26245 -0.60918
-0.26116 -0.64173 -0.72109
0.73417 0.06943 -0.67541
0.45325 -0.24034 -0.85837
0.9139 -0.13711 -0.38208
0.40332 0.14677 -0.90321
-0.36601 0.76646 -0.5278
-0.57285 0.53442 -0.62148
-0.31383 0.54272 -0.77908
-0.6375 0.61583 -0.46296
-0.20144 0.70002 -0.68512
-0.18571 0.76807 -0.61284
-0.67052 -0.1414 -0.72829
-0.8123 -0.54533 -0.20684
-0.85616 0.35795 -0.37265
-0.77331 0.22431 -0.59302
-0.76477 0.04192 -0.64294
-0.35709 -0.09151 -0.92958
-0.38561 0.11431 -0.91555
-0.5517 0.10374 -0.82757
-0.29159 0.25614 -0.92161
-0.54403 0.32946 -0.77168
-0.29294 0.15059 -0.9442
-0.4203 -0.89498 -0.14956
-0.42614 -0.26639 0.86455
-0.44861 0.16639 0.8781
-0.0501 0.05416 0.99727
0.37758 0.3469 0.85854
0.75616 0.56082 0.3372
-0.20578 -0.02165 0.97836
-0.04403 0.23839 0.97017
0.2232 -0.02727 0.97439
0.66725 -0.1704 0.72508
0.4553 0.16679 0.87457
0.01828 0.00097 0.99983
-0.12199 0.30724 0.94378
0.01896 -0.9624 -0.27096
0.07248 -0.99737 -0.00263
0.37441 -0.6453 -0.66589
-0.00077 -0.80302 -0.59595
0.28434 -0.93945 -0.19128
0.49782 -0.86039 -0.10915
0.21235 -0.92322 0.32026
0.49365 -0.7255 0.47954
0.1057 -0.77962 0.61726
-0.01382 0.15844 0.98727
0.08702 0.55226 0.82912
0.99406 -0.1038 -0.03286
0.90599 0.31289 -0.2851
0.97541 0.15044 -0.16108
0.99488 0.08403 0.05612
0.86228 -0.49388 0.11205
0.68178 -0.60393 -0.41284
0.70347 -0.58841 0.39863
0.05683 -0.55346 -0.83093
0.93436 0.35611 -0.01302
0.88801 0.45573 -0.0612
0.61581 0.44 -0.65359
0.81991 0.56197 -0.10922
0.8112 0.57618 0.09987
0.64623 0.63919 -0.41691
0.43604 0.83788 -0.32836
0.17222 0.84431 -0.50743
0.13639 0.62849 -0.76577
0.19156 0.49884 -0.84526
-0.20316 0.43002 -0.87966
0.00186 0.53374 -0.84565
-0.07017 0.32559 -0.9429
-0.32277 0.58057 0.7475
0.00286 0.31677 0.9485
-0.01602 0.66743 0.7445
0.00688 0.1619 0.98678
0.15579 0.10081 0.98263
0.34863 0.0846 0.93344
0.42798 0.06027 0.90177
0.12698 -0.63367 0.76311
0.34037 -0.52472 0.78027
0.53689 -0.46139 0.70631
0.05612 -0.41301 0.909
0.48063 -0.21442 0.85031
-0.07661 -0.20075 0.97664
-0.08605 -0.33098 0.93971
0.03997 0.64344 0.76445
-0.30511 -0.05919 -0.95048
-0.18969 -0.10062 -0.97667
-0.19479 -0.1942 -0.96143
-0.14052 -0.35135 -0.92564
-0.19511 0.04506 -0.97974
-0.16044 -0.0314 -0.98655
-0.06103 0.01191 -0.99806
-0.02492 0.0481 -0.99853
-0.20086 0.09817 -0.97469
0.08625 0.43708 -0.89528
0.02409 0.61857 -0.78536
0.21117 -0.19791 -0.9572
0.29111 -0.04316 -0.95572
0.15142 -0.05626 -0.98687
0.12574 -0.3913 -0.91163
0.02418 -0.2039 -0.97869
0.0508 -0.28694 -0.9566
0.18371 -0.29958 0.93622
0.33963 -0.30312 0.89038
0.27643 -0.15099 0.9491
0.38928 -0.05529 0.91946
0.10275 -0.1155 -0.98798
0.1077 0.18346 -0.97711
0.21258 0.22322 -0.95131
-0.04353 -0.0653 -0.99692
0.06101 -0.00526 -0.99812
-0.02202 0.10682 -0.99403
0.03171 0.264 -0.964
-0.06031 -0.18499 -0.98089
0.03045 -0.08122 -0.99623
0.0209 -0.04881 -0.99859

END
