// Converted by Obj2DatTexNorm.py Wavefront OBJ file conversion script
// (c) 2005-2012 By Giles Williams and Jens Ayton
// 
// original file: "jaguar_company_base_buoy.obj"
// 
// model size: 141.241 x 59.866 x 115.164
// 
// materials used: ['jaguar_company_base_buoy']
// 
NVERTS 333
NFACES 444

VERTEX
0 18 -10.08457
0 0 -10.08457
6.8883 16.62983 -10.08457
-6.8883 16.62983 -10.08457
-12.72792 12.72792 -10.08457
-16.62983 6.8883 -10.08457
-18 0 -10.08457
-16.62983 -6.8883 -10.08457
-12.72792 -12.72792 -10.08457
-6.8883 -16.62983 -10.08457
0 -18 -10.08457
6.8883 -16.62983 -10.08457
12.72792 -12.72792 -10.08457
16.62983 -6.8883 -10.08457
18 0 -10.08457
16.62983 6.8883 -10.08457
12.72792 12.72792 -10.08457
0 29.93291 18.93809
-11.23934 27.13415 18.93809
-11.45483 27.6544 18.93809
11.23933 27.13415 18.93809
0 29.3698 18.93809
-21.16576 21.16576 18.93809
-27.13415 11.23934 18.93809
-27.6544 11.45483 18.93809
-29.93291 0 18.93809
-27.13415 -11.23934 18.93809
-27.6544 -11.45483 18.93809
-21.16576 -21.16576 18.93809
-11.23934 -27.13415 18.93809
-11.45483 -27.6544 18.93809
0 -29.93291 18.93809
11.23933 -27.13415 18.93809
11.45483 -27.6544 18.93809
21.16576 -21.16576 18.93809
27.13415 -11.23934 18.93809
27.6544 -11.45483 18.93809
29.93291 0 18.93809
27.13415 11.23934 18.93809
27.6544 11.45483 18.93809
21.16576 21.16576 18.93809
11.45483 27.6544 18.93809
-20.76758 20.76758 18.93809
-29.3698 0 18.93809
-20.76758 -20.76758 18.93809
0 -29.3698 18.93809
20.76758 -20.76758 18.93809
29.3698 0 18.93809
20.76758 20.76758 18.93809
0 1.8 49.81159
0 0 49.81159
1.27279 1.27279 49.81159
-1.27279 1.27279 49.81159
-1.8 0 49.81159
-1.27279 -1.27279 49.81159
0 -1.8 49.81159
1.27279 -1.27279 49.81159
1.8 0 49.81159
-4.98653 -1.88748 52.16358
-4.98653 1.88748 52.16358
2.71747 -1.88748 52.16358
2.71747 1.88748 52.16358
2.71747 -1.88748 50.62278
2.71747 1.88748 50.62278
-4.98653 -1.88748 50.62278
-4.98653 1.88748 50.62278
-3.27623 0.9 51.02697
-24.87623 0.9 13.61467
-2.72509 0.6364 50.70877
-3.82736 0.6364 51.34517
-25.42736 0.6364 13.93287
-25.65565 0 14.06467
-4.05565 0 51.47697
-3.82736 -0.6364 51.34517
-25.42736 -0.6364 13.93287
-24.87623 -0.9 13.61467
-3.27623 -0.9 51.02697
-2.72509 -0.6364 50.70877
-24.32509 -0.6364 13.29647
-24.0968 0 13.16467
-2.4968 0 50.57697
-24.32509 0.6364 13.29647
110.4082 1.8 -61.44133
110.4082 0 -61.44133
111.04459 1.27279 -60.33906
111.3082 0 -59.88249
111.04459 -1.27279 -60.33906
110.4082 -1.8 -61.44133
109.7718 -1.27279 -62.5436
109.5082 0 -63.00018
109.7718 1.27279 -62.5436
0 18 7.91543
0 18 -10.08457
6.8883 16.62983 7.91543
-6.8883 16.62983 7.91543
-6.8883 16.62983 -10.08457
-12.72792 12.72792 -10.08457
-12.72792 12.72792 7.91543
-16.62983 6.8883 7.91543
-16.62983 6.8883 -10.08457
-18 0 -10.08457
-18 0 7.91543
-16.62983 -6.8883 7.91543
-16.62983 -6.8883 -10.08457
-12.72792 -12.72792 -10.08457
-12.72792 -12.72792 7.91543
-6.8883 -16.62983 7.91543
-6.8883 -16.62983 -10.08457
0 -18 -10.08457
0 -18 7.91543
6.8883 -16.62983 7.91543
6.8883 -16.62983 -10.08457
12.72792 -12.72792 -10.08457
12.72792 -12.72792 7.91543
16.62983 -6.8883 7.91543
16.62983 -6.8883 -10.08457
18 0 -10.08457
18 0 7.91543
16.62983 6.8883 7.91543
16.62983 6.8883 -10.08457
12.72792 12.72792 -10.08457
12.72792 12.72792 7.91543
6.8883 16.62983 -10.08457
0 29.93291 18.93809
-9.74153 23.51813 13.25171
0 25.45584 13.25171
9.74153 23.51813 13.25171
11.45483 27.6544 18.93809
-11.45483 27.6544 18.93809
-21.16576 21.16576 18.93809
-18 18 13.25171
-23.51813 9.74153 13.25171
-27.6544 11.45483 18.93809
-29.93291 0 18.93809
-25.45584 0 13.25171
-23.51813 -9.74153 13.25171
-27.6544 -11.45483 18.93809
-21.16576 -21.16576 18.93809
-18 -18 13.25171
-9.74153 -23.51813 13.25171
-11.45483 -27.6544 18.93809
0 -29.93291 18.93809
0 -25.45584 13.25171
9.74153 -23.51813 13.25171
11.45483 -27.6544 18.93809
21.16576 -21.16576 18.93809
18 -18 13.25171
23.51813 -9.74153 13.25171
27.6544 -11.45483 18.93809
29.93291 0 18.93809
25.45584 0 13.25171
23.51813 9.74153 13.25171
27.6544 11.45483 18.93809
21.16576 21.16576 18.93809
18 18 13.25171
0 20.00053 8.77464
-7.65387 18.47808 8.77464
-14.14251 14.14251 8.77464
-18.47808 7.65387 8.77464
-20.00053 0 8.77464
-18.47808 -7.65387 8.77464
-14.14251 -14.14251 8.77464
-7.65387 -18.47808 8.77464
0 -20.00053 8.77464
7.65387 -18.47808 8.77464
14.14251 -14.14251 8.77464
18.47808 -7.65387 8.77464
20.00053 0 8.77464
18.47808 7.65387 8.77464
14.14251 14.14251 8.77464
7.65387 18.47808 8.77464
-5.27208 12.72792 5.44789
0 13.7766 5.44789
5.27208 12.72792 5.44789
-9.74153 9.74153 5.44789
-12.72792 5.27208 5.44789
-13.7766 0 5.44789
-12.72792 -5.27208 5.44789
-9.74153 -9.74153 5.44789
-5.27208 -12.72792 5.44789
0 -13.7766 5.44789
5.27208 -12.72792 5.44789
9.74153 -9.74153 5.44789
12.72792 -5.27208 5.44789
13.7766 0 5.44789
12.72792 5.27208 5.44789
9.74153 9.74153 5.44789
0 7.02325 3.39928
-2.68768 6.48864 3.39928
-4.96619 4.96619 3.39928
-6.48864 2.68768 3.39928
-7.02325 0 3.39928
-6.48864 -2.68768 3.39928
-4.96619 -4.96619 3.39928
-2.68768 -6.48864 3.39928
0 -7.02325 3.39928
2.68768 -6.48864 3.39928
4.96619 -4.96619 3.39928
6.48864 -2.68768 3.39928
7.02325 0 3.39928
6.48864 2.68768 3.39928
4.96619 4.96619 3.39928
2.68768 6.48864 3.39928
0 0 2.70755
0 29.3698 18.93809
0 24.9293 13.7584
-11.23934 27.13415 18.93809
-17.62768 17.62768 13.7584
-20.76758 20.76758 18.93809
-27.13415 11.23934 18.93809
-24.9293 0 13.7584
-29.3698 0 18.93809
-27.13415 -11.23934 18.93809
-17.62768 -17.62768 13.7584
-20.76758 -20.76758 18.93809
-11.23934 -27.13415 18.93809
0 -24.9293 13.7584
0 -29.3698 18.93809
11.23933 -27.13415 18.93809
17.62768 -17.62768 13.7584
20.76758 -20.76758 18.93809
27.13415 -11.23934 18.93809
24.9293 0 13.7584
29.3698 0 18.93809
27.13415 11.23934 18.93809
17.62768 17.62768 13.7584
20.76758 20.76758 18.93809
11.23933 27.13415 18.93809
9.54003 23.03167 13.7584
-9.54003 23.03167 13.7584
-7.49496 18.09444 9.37267
7.49496 18.09444 9.37267
0 19.58528 9.37267
-23.03167 9.54003 13.7584
-18.09444 7.49496 9.37267
-23.03167 -9.54003 13.7584
-18.09444 -7.49496 9.37267
-9.54003 -23.03167 13.7584
-7.49496 -18.09444 9.37267
9.54003 -23.03167 13.7584
7.49496 -18.09444 9.37267
23.03167 -9.54003 13.7584
18.09444 -7.49496 9.37267
23.03167 9.54003 13.7584
18.09444 7.49496 9.37267
0 13.48967 6.1145
-13.84889 13.84889 9.37267
-9.53864 9.53864 6.1145
-19.58528 0 9.37267
-13.48967 0 6.1145
-13.84889 -13.84889 9.37267
-9.53864 -9.53864 6.1145
0 -19.58528 9.37267
0 -13.48967 6.1145
13.84889 -13.84889 9.37267
9.53864 -9.53864 6.1145
19.58528 0 9.37267
13.48967 0 6.1145
13.84889 13.84889 9.37267
9.53864 9.53864 6.1145
5.16227 12.46283 6.1145
-5.16227 12.46283 6.1145
-2.63158 6.35321 4.10846
2.63158 6.35321 4.10846
0 6.87666 4.10846
-12.46283 5.16227 6.1145
-6.35321 2.63158 4.10846
-12.46283 -5.16227 6.1145
-6.35321 -2.63158 4.10846
-5.16227 -12.46283 6.1145
-2.63158 -6.35321 4.10846
5.16227 -12.46283 6.1145
2.63158 -6.35321 4.10846
12.46283 -5.16227 6.1145
6.35321 -2.63158 4.10846
12.46283 5.16227 6.1145
6.35321 2.63158 4.10846
0 0 3.43117
-4.86253 4.86253 4.10846
-6.87666 0 4.10846
-4.86253 -4.86253 4.10846
0 -6.87666 4.10846
4.86253 -4.86253 4.10846
6.87666 0 4.10846
4.86253 4.86253 4.10846
0 1.8 50.71159
0 1.8 49.81159
1.27279 1.27279 50.71159
-1.27279 1.27279 50.71159
-1.27279 1.27279 49.81159
-1.8 0 49.81159
-1.8 0 50.71159
-1.27279 -1.27279 50.71159
-1.27279 -1.27279 49.81159
0 -1.8 49.81159
0 -1.8 50.71159
1.27279 -1.27279 50.71159
1.27279 -1.27279 49.81159
1.8 0 49.81159
1.8 0 50.71159
1.27279 1.27279 49.81159
-4.98653 -1.88748 52.16358
-4.98653 -1.88748 50.62278
-4.98653 1.88748 52.16358
2.71747 -1.88748 52.16358
2.71747 1.88748 50.62278
2.71747 -1.88748 50.62278
2.71747 1.88748 52.16358
-4.98653 1.88748 50.62278
110.4082 1.8 -61.44133
16.87745 1.8 -7.44133
109.7718 1.27279 -62.5436
111.04459 1.27279 -60.33906
17.51385 1.27279 -6.33906
17.77745 0 -5.88249
111.3082 0 -59.88249
111.04459 -1.27279 -60.33906
17.51385 -1.27279 -6.33906
16.87745 -1.8 -7.44133
110.4082 -1.8 -61.44133
109.7718 -1.27279 -62.5436
16.24106 -1.27279 -8.5436
15.97745 0 -9.00018
109.5082 0 -63.00018
16.24106 1.27279 -8.5436
2.71747 -1.88748 52.16358
-4.98653 -1.88748 50.62278
-4.98653 -1.88748 52.16358
2.71747 -1.88748 50.62278
-4.98653 1.88748 52.16358
2.71747 1.88748 50.62278
2.71747 1.88748 52.16358
-4.98653 1.88748 50.62278

FACES
0 0 0	0 0 0	3	0 1 2
0 0 0	0 0 0	3	3 1 0
0 0 0	0 0 0	3	4 1 3
0 0 0	0 0 0	3	5 1 4
0 0 0	0 0 0	3	6 1 5
0 0 0	0 0 0	3	7 1 6
0 0 0	0 0 0	3	8 1 7
0 0 0	0 0 0	3	9 1 8
0 0 0	0 0 0	3	10 1 9
0 0 0	0 0 0	3	11 1 10
0 0 0	0 0 0	3	12 1 11
0 0 0	0 0 0	3	13 1 12
0 0 0	0 0 0	3	14 1 13
0 0 0	0 0 0	3	15 1 14
0 0 0	0 0 0	3	16 1 15
0 0 0	0 0 0	3	2 1 16
0 0 0	0 0 0	3	17 18 19
0 0 0	0 0 0	3	17 20 21
0 0 0	0 0 0	3	19 18 22
0 0 0	0 0 0	3	22 23 24
0 0 0	0 0 0	3	24 23 25
0 0 0	0 0 0	3	25 26 27
0 0 0	0 0 0	3	27 26 28
0 0 0	0 0 0	3	28 29 30
0 0 0	0 0 0	3	30 29 31
0 0 0	0 0 0	3	31 32 33
0 0 0	0 0 0	3	33 32 34
0 0 0	0 0 0	3	34 35 36
0 0 0	0 0 0	3	36 35 37
0 0 0	0 0 0	3	37 38 39
0 0 0	0 0 0	3	39 38 40
0 0 0	0 0 0	3	40 20 41
0 0 0	0 0 0	3	41 20 17
0 0 0	0 0 0	3	21 18 17
0 0 0	0 0 0	3	18 42 22
0 0 0	0 0 0	3	42 23 22
0 0 0	0 0 0	3	23 43 25
0 0 0	0 0 0	3	43 26 25
0 0 0	0 0 0	3	26 44 28
0 0 0	0 0 0	3	44 29 28
0 0 0	0 0 0	3	29 45 31
0 0 0	0 0 0	3	45 32 31
0 0 0	0 0 0	3	32 46 34
0 0 0	0 0 0	3	46 35 34
0 0 0	0 0 0	3	35 47 37
0 0 0	0 0 0	3	47 38 37
0 0 0	0 0 0	3	38 48 40
0 0 0	0 0 0	3	48 20 40
0 0 0	0 0 0	3	49 50 51
0 0 0	0 0 0	3	52 50 49
0 0 0	0 0 0	3	53 50 52
0 0 0	0 0 0	3	54 50 53
0 0 0	0 0 0	3	55 50 54
0 0 0	0 0 0	3	56 50 55
0 0 0	0 0 0	3	57 50 56
0 0 0	0 0 0	3	51 50 57
0 0 0	0 0 0	3	58 59 60
0 0 0	0 0 0	3	60 59 61
0 0 0	0 0 0	3	62 63 64
0 0 0	0 0 0	3	63 65 64
0 0 0	0 0 0	3	66 67 68
0 0 0	0 0 0	3	69 67 66
0 0 0	0 0 0	3	69 70 67
0 0 0	0 0 0	3	69 71 70
0 0 0	0 0 0	3	72 71 69
0 0 0	0 0 0	3	73 71 72
0 0 0	0 0 0	3	73 74 71
0 0 0	0 0 0	3	73 75 74
0 0 0	0 0 0	3	76 75 73
0 0 0	0 0 0	3	77 75 76
0 0 0	0 0 0	3	77 78 75
0 0 0	0 0 0	3	77 79 78
0 0 0	0 0 0	3	80 79 77
0 0 0	0 0 0	3	68 79 80
0 0 0	0 0 0	3	68 81 79
0 0 0	0 0 0	3	67 81 68
0 0 0	0 0 0	3	82 83 84
0 0 0	0 0 0	3	84 83 85
0 0 0	0 0 0	3	85 83 86
0 0 0	0 0 0	3	86 83 87
0 0 0	0 0 0	3	87 83 88
0 0 0	0 0 0	3	88 83 89
0 0 0	0 0 0	3	89 83 90
0 0 0	0 0 0	3	90 83 82
0 0 0	0 0 0	3	91 92 93
0 0 0	0 0 0	3	94 92 91
0 0 0	0 0 0	3	94 95 92
0 0 0	0 0 0	3	94 96 95
0 0 0	0 0 0	3	97 96 94
0 0 0	0 0 0	3	98 96 97
0 0 0	0 0 0	3	98 99 96
0 0 0	0 0 0	3	98 100 99
0 0 0	0 0 0	3	101 100 98
0 0 0	0 0 0	3	102 100 101
0 0 0	0 0 0	3	102 103 100
0 0 0	0 0 0	3	102 104 103
0 0 0	0 0 0	3	105 104 102
0 0 0	0 0 0	3	106 104 105
0 0 0	0 0 0	3	106 107 104
0 0 0	0 0 0	3	106 108 107
0 0 0	0 0 0	3	109 108 106
0 0 0	0 0 0	3	110 108 109
0 0 0	0 0 0	3	110 111 108
0 0 0	0 0 0	3	110 112 111
0 0 0	0 0 0	3	113 112 110
0 0 0	0 0 0	3	114 112 113
0 0 0	0 0 0	3	114 115 112
0 0 0	0 0 0	3	114 116 115
0 0 0	0 0 0	3	117 116 114
0 0 0	0 0 0	3	118 116 117
0 0 0	0 0 0	3	118 119 116
0 0 0	0 0 0	3	118 120 119
0 0 0	0 0 0	3	121 120 118
0 0 0	0 0 0	3	93 120 121
0 0 0	0 0 0	3	93 122 120
0 0 0	0 0 0	3	92 122 93
0 0 0	0 0 0	3	123 124 125
0 0 0	0 0 0	3	123 126 127
0 0 0	0 0 0	3	128 124 123
0 0 0	0 0 0	3	129 124 128
0 0 0	0 0 0	3	129 130 124
0 0 0	0 0 0	3	129 131 130
0 0 0	0 0 0	3	132 131 129
0 0 0	0 0 0	3	133 131 132
0 0 0	0 0 0	3	133 134 131
0 0 0	0 0 0	3	133 135 134
0 0 0	0 0 0	3	136 135 133
0 0 0	0 0 0	3	137 135 136
0 0 0	0 0 0	3	137 138 135
0 0 0	0 0 0	3	137 139 138
0 0 0	0 0 0	3	140 139 137
0 0 0	0 0 0	3	141 139 140
0 0 0	0 0 0	3	141 142 139
0 0 0	0 0 0	3	141 143 142
0 0 0	0 0 0	3	144 143 141
0 0 0	0 0 0	3	145 143 144
0 0 0	0 0 0	3	145 146 143
0 0 0	0 0 0	3	145 147 146
0 0 0	0 0 0	3	148 147 145
0 0 0	0 0 0	3	149 147 148
0 0 0	0 0 0	3	149 150 147
0 0 0	0 0 0	3	149 151 150
0 0 0	0 0 0	3	152 151 149
0 0 0	0 0 0	3	153 151 152
0 0 0	0 0 0	3	153 154 151
0 0 0	0 0 0	3	153 126 154
0 0 0	0 0 0	3	127 126 153
0 0 0	0 0 0	3	125 126 123
0 0 0	0 0 0	3	125 155 126
0 0 0	0 0 0	3	124 155 125
0 0 0	0 0 0	3	124 156 155
0 0 0	0 0 0	3	124 157 156
0 0 0	0 0 0	3	130 157 124
0 0 0	0 0 0	3	131 157 130
0 0 0	0 0 0	3	131 158 157
0 0 0	0 0 0	3	131 159 158
0 0 0	0 0 0	3	134 159 131
0 0 0	0 0 0	3	135 159 134
0 0 0	0 0 0	3	135 160 159
0 0 0	0 0 0	3	135 161 160
0 0 0	0 0 0	3	138 161 135
0 0 0	0 0 0	3	139 161 138
0 0 0	0 0 0	3	139 162 161
0 0 0	0 0 0	3	139 163 162
0 0 0	0 0 0	3	142 163 139
0 0 0	0 0 0	3	143 163 142
0 0 0	0 0 0	3	143 164 163
0 0 0	0 0 0	3	143 165 164
0 0 0	0 0 0	3	146 165 143
0 0 0	0 0 0	3	147 165 146
0 0 0	0 0 0	3	147 166 165
0 0 0	0 0 0	3	147 167 166
0 0 0	0 0 0	3	150 167 147
0 0 0	0 0 0	3	151 167 150
0 0 0	0 0 0	3	151 168 167
0 0 0	0 0 0	3	151 169 168
0 0 0	0 0 0	3	154 169 151
0 0 0	0 0 0	3	126 169 154
0 0 0	0 0 0	3	126 170 169
0 0 0	0 0 0	3	155 170 126
0 0 0	0 0 0	3	155 171 172
0 0 0	0 0 0	3	155 173 170
0 0 0	0 0 0	3	156 171 155
0 0 0	0 0 0	3	157 171 156
0 0 0	0 0 0	3	157 174 171
0 0 0	0 0 0	3	157 175 174
0 0 0	0 0 0	3	158 175 157
0 0 0	0 0 0	3	159 175 158
0 0 0	0 0 0	3	159 176 175
0 0 0	0 0 0	3	159 177 176
0 0 0	0 0 0	3	160 177 159
0 0 0	0 0 0	3	161 177 160
0 0 0	0 0 0	3	161 178 177
0 0 0	0 0 0	3	161 179 178
0 0 0	0 0 0	3	162 179 161
0 0 0	0 0 0	3	163 179 162
0 0 0	0 0 0	3	163 180 179
0 0 0	0 0 0	3	163 181 180
0 0 0	0 0 0	3	164 181 163
0 0 0	0 0 0	3	165 181 164
0 0 0	0 0 0	3	165 182 181
0 0 0	0 0 0	3	165 183 182
0 0 0	0 0 0	3	166 183 165
0 0 0	0 0 0	3	167 183 166
0 0 0	0 0 0	3	167 184 183
0 0 0	0 0 0	3	167 185 184
0 0 0	0 0 0	3	168 185 167
0 0 0	0 0 0	3	169 185 168
0 0 0	0 0 0	3	169 186 185
0 0 0	0 0 0	3	169 173 186
0 0 0	0 0 0	3	170 173 169
0 0 0	0 0 0	3	172 173 155
0 0 0	0 0 0	3	172 187 173
0 0 0	0 0 0	3	171 187 172
0 0 0	0 0 0	3	171 188 187
0 0 0	0 0 0	3	171 189 188
0 0 0	0 0 0	3	174 189 171
0 0 0	0 0 0	3	175 189 174
0 0 0	0 0 0	3	175 190 189
0 0 0	0 0 0	3	175 191 190
0 0 0	0 0 0	3	176 191 175
0 0 0	0 0 0	3	177 191 176
0 0 0	0 0 0	3	177 192 191
0 0 0	0 0 0	3	177 193 192
0 0 0	0 0 0	3	178 193 177
0 0 0	0 0 0	3	179 193 178
0 0 0	0 0 0	3	179 194 193
0 0 0	0 0 0	3	179 195 194
0 0 0	0 0 0	3	180 195 179
0 0 0	0 0 0	3	181 195 180
0 0 0	0 0 0	3	181 196 195
0 0 0	0 0 0	3	181 197 196
0 0 0	0 0 0	3	182 197 181
0 0 0	0 0 0	3	183 197 182
0 0 0	0 0 0	3	183 198 197
0 0 0	0 0 0	3	183 199 198
0 0 0	0 0 0	3	184 199 183
0 0 0	0 0 0	3	185 199 184
0 0 0	0 0 0	3	185 200 199
0 0 0	0 0 0	3	185 201 200
0 0 0	0 0 0	3	186 201 185
0 0 0	0 0 0	3	173 201 186
0 0 0	0 0 0	3	173 202 201
0 0 0	0 0 0	3	187 202 173
0 0 0	0 0 0	3	187 203 202
0 0 0	0 0 0	3	188 203 187
0 0 0	0 0 0	3	189 203 188
0 0 0	0 0 0	3	190 203 189
0 0 0	0 0 0	3	191 203 190
0 0 0	0 0 0	3	192 203 191
0 0 0	0 0 0	3	193 203 192
0 0 0	0 0 0	3	194 203 193
0 0 0	0 0 0	3	195 203 194
0 0 0	0 0 0	3	196 203 195
0 0 0	0 0 0	3	197 203 196
0 0 0	0 0 0	3	198 203 197
0 0 0	0 0 0	3	199 203 198
0 0 0	0 0 0	3	200 203 199
0 0 0	0 0 0	3	201 203 200
0 0 0	0 0 0	3	202 203 201
0 0 0	0 0 0	3	204 205 206
0 0 0	0 0 0	3	206 207 208
0 0 0	0 0 0	3	208 207 209
0 0 0	0 0 0	3	209 210 211
0 0 0	0 0 0	3	211 210 212
0 0 0	0 0 0	3	212 213 214
0 0 0	0 0 0	3	214 213 215
0 0 0	0 0 0	3	215 216 217
0 0 0	0 0 0	3	217 216 218
0 0 0	0 0 0	3	218 219 220
0 0 0	0 0 0	3	220 219 221
0 0 0	0 0 0	3	221 222 223
0 0 0	0 0 0	3	223 222 224
0 0 0	0 0 0	3	224 225 226
0 0 0	0 0 0	3	226 225 227
0 0 0	0 0 0	3	227 205 204
0 0 0	0 0 0	3	227 228 205
0 0 0	0 0 0	3	205 229 206
0 0 0	0 0 0	3	205 230 229
0 0 0	0 0 0	3	205 231 232
0 0 0	0 0 0	3	229 207 206
0 0 0	0 0 0	3	229 230 207
0 0 0	0 0 0	3	207 233 209
0 0 0	0 0 0	3	207 234 233
0 0 0	0 0 0	3	233 210 209
0 0 0	0 0 0	3	233 234 210
0 0 0	0 0 0	3	210 235 212
0 0 0	0 0 0	3	210 236 235
0 0 0	0 0 0	3	235 213 212
0 0 0	0 0 0	3	235 236 213
0 0 0	0 0 0	3	213 237 215
0 0 0	0 0 0	3	213 238 237
0 0 0	0 0 0	3	237 216 215
0 0 0	0 0 0	3	237 238 216
0 0 0	0 0 0	3	216 239 218
0 0 0	0 0 0	3	216 240 239
0 0 0	0 0 0	3	239 219 218
0 0 0	0 0 0	3	239 240 219
0 0 0	0 0 0	3	219 241 221
0 0 0	0 0 0	3	219 242 241
0 0 0	0 0 0	3	241 222 221
0 0 0	0 0 0	3	241 242 222
0 0 0	0 0 0	3	222 243 224
0 0 0	0 0 0	3	222 244 243
0 0 0	0 0 0	3	243 225 224
0 0 0	0 0 0	3	243 244 225
0 0 0	0 0 0	3	225 228 227
0 0 0	0 0 0	3	225 231 228
0 0 0	0 0 0	3	228 231 205
0 0 0	0 0 0	3	232 230 205
0 0 0	0 0 0	3	232 245 230
0 0 0	0 0 0	3	230 246 207
0 0 0	0 0 0	3	230 247 246
0 0 0	0 0 0	3	246 234 207
0 0 0	0 0 0	3	246 247 234
0 0 0	0 0 0	3	234 248 210
0 0 0	0 0 0	3	234 249 248
0 0 0	0 0 0	3	248 236 210
0 0 0	0 0 0	3	248 249 236
0 0 0	0 0 0	3	236 250 213
0 0 0	0 0 0	3	236 251 250
0 0 0	0 0 0	3	250 238 213
0 0 0	0 0 0	3	250 251 238
0 0 0	0 0 0	3	238 252 216
0 0 0	0 0 0	3	238 253 252
0 0 0	0 0 0	3	252 240 216
0 0 0	0 0 0	3	252 253 240
0 0 0	0 0 0	3	240 254 219
0 0 0	0 0 0	3	240 255 254
0 0 0	0 0 0	3	254 242 219
0 0 0	0 0 0	3	254 255 242
0 0 0	0 0 0	3	242 256 222
0 0 0	0 0 0	3	242 257 256
0 0 0	0 0 0	3	256 244 222
0 0 0	0 0 0	3	256 257 244
0 0 0	0 0 0	3	244 258 225
0 0 0	0 0 0	3	244 259 258
0 0 0	0 0 0	3	258 231 225
0 0 0	0 0 0	3	258 259 231
0 0 0	0 0 0	3	231 245 232
0 0 0	0 0 0	3	231 260 245
0 0 0	0 0 0	3	245 261 230
0 0 0	0 0 0	3	245 262 261
0 0 0	0 0 0	3	245 263 264
0 0 0	0 0 0	3	261 247 230
0 0 0	0 0 0	3	261 262 247
0 0 0	0 0 0	3	247 265 234
0 0 0	0 0 0	3	247 266 265
0 0 0	0 0 0	3	265 249 234
0 0 0	0 0 0	3	265 266 249
0 0 0	0 0 0	3	249 267 236
0 0 0	0 0 0	3	249 268 267
0 0 0	0 0 0	3	267 251 236
0 0 0	0 0 0	3	267 268 251
0 0 0	0 0 0	3	251 269 238
0 0 0	0 0 0	3	251 270 269
0 0 0	0 0 0	3	269 253 238
0 0 0	0 0 0	3	269 270 253
0 0 0	0 0 0	3	253 271 240
0 0 0	0 0 0	3	253 272 271
0 0 0	0 0 0	3	271 255 240
0 0 0	0 0 0	3	271 272 255
0 0 0	0 0 0	3	255 273 242
0 0 0	0 0 0	3	255 274 273
0 0 0	0 0 0	3	273 257 242
0 0 0	0 0 0	3	273 274 257
0 0 0	0 0 0	3	257 275 244
0 0 0	0 0 0	3	257 276 275
0 0 0	0 0 0	3	275 259 244
0 0 0	0 0 0	3	275 276 259
0 0 0	0 0 0	3	259 260 231
0 0 0	0 0 0	3	259 263 260
0 0 0	0 0 0	3	260 263 245
0 0 0	0 0 0	3	264 262 245
0 0 0	0 0 0	3	264 277 262
0 0 0	0 0 0	3	262 278 247
0 0 0	0 0 0	3	262 277 278
0 0 0	0 0 0	3	278 266 247
0 0 0	0 0 0	3	278 277 266
0 0 0	0 0 0	3	266 279 249
0 0 0	0 0 0	3	266 277 279
0 0 0	0 0 0	3	279 268 249
0 0 0	0 0 0	3	279 277 268
0 0 0	0 0 0	3	268 280 251
0 0 0	0 0 0	3	268 277 280
0 0 0	0 0 0	3	280 270 251
0 0 0	0 0 0	3	280 277 270
0 0 0	0 0 0	3	270 281 253
0 0 0	0 0 0	3	270 277 281
0 0 0	0 0 0	3	281 272 253
0 0 0	0 0 0	3	281 277 272
0 0 0	0 0 0	3	272 282 255
0 0 0	0 0 0	3	272 277 282
0 0 0	0 0 0	3	282 274 255
0 0 0	0 0 0	3	282 277 274
0 0 0	0 0 0	3	274 283 257
0 0 0	0 0 0	3	274 277 283
0 0 0	0 0 0	3	283 276 257
0 0 0	0 0 0	3	283 277 276
0 0 0	0 0 0	3	276 284 259
0 0 0	0 0 0	3	276 277 284
0 0 0	0 0 0	3	284 263 259
0 0 0	0 0 0	3	284 277 263
0 0 0	0 0 0	3	263 277 264
0 0 0	0 0 0	3	285 286 287
0 0 0	0 0 0	3	288 286 285
0 0 0	0 0 0	3	288 289 286
0 0 0	0 0 0	3	288 290 289
0 0 0	0 0 0	3	291 290 288
0 0 0	0 0 0	3	292 290 291
0 0 0	0 0 0	3	292 293 290
0 0 0	0 0 0	3	292 294 293
0 0 0	0 0 0	3	295 294 292
0 0 0	0 0 0	3	296 294 295
0 0 0	0 0 0	3	296 297 294
0 0 0	0 0 0	3	296 298 297
0 0 0	0 0 0	3	299 298 296
0 0 0	0 0 0	3	287 298 299
0 0 0	0 0 0	3	287 300 298
0 0 0	0 0 0	3	286 300 287
0 0 0	0 0 0	3	301 302 303
0 0 0	0 0 0	3	304 305 306
0 0 0	0 0 0	3	307 305 304
0 0 0	0 0 0	3	302 308 303
0 0 0	0 0 0	3	309 310 311
0 0 0	0 0 0	3	312 310 309
0 0 0	0 0 0	3	312 313 310
0 0 0	0 0 0	3	312 314 313
0 0 0	0 0 0	3	315 314 312
0 0 0	0 0 0	3	316 314 315
0 0 0	0 0 0	3	316 317 314
0 0 0	0 0 0	3	316 318 317
0 0 0	0 0 0	3	319 318 316
0 0 0	0 0 0	3	320 318 319
0 0 0	0 0 0	3	320 321 318
0 0 0	0 0 0	3	320 322 321
0 0 0	0 0 0	3	323 322 320
0 0 0	0 0 0	3	311 322 323
0 0 0	0 0 0	3	311 324 322
0 0 0	0 0 0	3	310 324 311
0 0 0	0 0 0	3	325 326 327
0 0 0	0 0 0	3	325 328 326
0 0 0	0 0 0	3	329 330 331
0 0 0	0 0 0	3	329 332 330

TEXTURES
0	1.0 1.0	0.75856 0.01457	0.75856 0.1022	0.7921 0.02124
0	1.0 1.0	0.72503 0.02124	0.75856 0.1022	0.75856 0.01457
0	1.0 1.0	0.6966 0.04024	0.75856 0.1022	0.72503 0.02124
0	1.0 1.0	0.6776 0.06866	0.75856 0.1022	0.6966 0.04024
0	1.0 1.0	0.67093 0.1022	0.75856 0.1022	0.6776 0.06866
0	1.0 1.0	0.6776 0.13573	0.75856 0.1022	0.67093 0.1022
0	1.0 1.0	0.6966 0.16416	0.75856 0.1022	0.6776 0.13573
0	1.0 1.0	0.72503 0.18316	0.75856 0.1022	0.6966 0.16416
0	1.0 1.0	0.75856 0.18983	0.75856 0.1022	0.72503 0.18316
0	1.0 1.0	0.7921 0.18316	0.75856 0.1022	0.75856 0.18983
0	1.0 1.0	0.82053 0.16416	0.75856 0.1022	0.7921 0.18316
0	1.0 1.0	0.83952 0.13573	0.75856 0.1022	0.82053 0.16416
0	1.0 1.0	0.84619 0.1022	0.75856 0.1022	0.83952 0.13573
0	1.0 1.0	0.83952 0.06866	0.75856 0.1022	0.84619 0.1022
0	1.0 1.0	0.82053 0.04024	0.75856 0.1022	0.83952 0.06866
0	1.0 1.0	0.7921 0.02124	0.75856 0.1022	0.82053 0.04024
0	1.0 1.0	0.33527 0.26662	0.38999 0.28025	0.39103 0.27772
0	1.0 1.0	0.33527 0.26662	0.28055 0.28025	0.33527 0.26937
0	1.0 1.0	0.39103 0.27772	0.38999 0.28025	0.43831 0.30931
0	1.0 1.0	0.43831 0.30931	0.46737 0.35763	0.4699 0.35658
0	1.0 1.0	0.4699 0.35658	0.46737 0.35763	0.48099 0.41235
0	1.0 1.0	0.48099 0.41235	0.46737 0.46707	0.4699 0.46812
0	1.0 1.0	0.4699 0.46812	0.46737 0.46707	0.43831 0.51539
0	1.0 1.0	0.43831 0.51539	0.38999 0.54445	0.39103 0.54698
0	1.0 1.0	0.39103 0.54698	0.38999 0.54445	0.33527 0.55807
0	1.0 1.0	0.33527 0.55807	0.28055 0.54445	0.2795 0.54698
0	1.0 1.0	0.2795 0.54698	0.28055 0.54445	0.23223 0.51539
0	1.0 1.0	0.23223 0.51539	0.20317 0.46707	0.20064 0.46812
0	1.0 1.0	0.20064 0.46812	0.20317 0.46707	0.18954 0.41235
0	1.0 1.0	0.18954 0.41235	0.20317 0.35763	0.20064 0.35658
0	1.0 1.0	0.20064 0.35658	0.20317 0.35763	0.23223 0.30931
0	1.0 1.0	0.23223 0.30931	0.28055 0.28025	0.2795 0.27772
0	1.0 1.0	0.2795 0.27772	0.28055 0.28025	0.33527 0.26662
0	1.0 1.0	0.33527 0.26937	0.38999 0.28025	0.33527 0.26662
0	1.0 1.0	0.38999 0.28025	0.43637 0.31125	0.43831 0.30931
0	1.0 1.0	0.43637 0.31125	0.46737 0.35763	0.43831 0.30931
0	1.0 1.0	0.46737 0.35763	0.47825 0.41235	0.48099 0.41235
0	1.0 1.0	0.47825 0.41235	0.46737 0.46707	0.48099 0.41235
0	1.0 1.0	0.46737 0.46707	0.43637 0.51345	0.43831 0.51539
0	1.0 1.0	0.43637 0.51345	0.38999 0.54445	0.43831 0.51539
0	1.0 1.0	0.38999 0.54445	0.33527 0.55533	0.33527 0.55807
0	1.0 1.0	0.33527 0.55533	0.28055 0.54445	0.33527 0.55807
0	1.0 1.0	0.28055 0.54445	0.23416 0.51345	0.23223 0.51539
0	1.0 1.0	0.23416 0.51345	0.20317 0.46707	0.23223 0.51539
0	1.0 1.0	0.20317 0.46707	0.19228 0.41235	0.18954 0.41235
0	1.0 1.0	0.19228 0.41235	0.20317 0.35763	0.18954 0.41235
0	1.0 1.0	0.20317 0.35763	0.23416 0.31125	0.23223 0.30931
0	1.0 1.0	0.23416 0.31125	0.28055 0.28025	0.23223 0.30931
0	1.0 1.0	0.14057 0.01249	0.14057 0.02126	0.14676 0.01506
0	1.0 1.0	0.13437 0.01506	0.14057 0.02126	0.14057 0.01249
0	1.0 1.0	0.1318 0.02126	0.14057 0.02126	0.13437 0.01506
0	1.0 1.0	0.13437 0.02745	0.14057 0.02126	0.1318 0.02126
0	1.0 1.0	0.14057 0.03002	0.14057 0.02126	0.13437 0.02745
0	1.0 1.0	0.14676 0.02745	0.14057 0.02126	0.14057 0.03002
0	1.0 1.0	0.14933 0.02126	0.14057 0.02126	0.14676 0.02745
0	1.0 1.0	0.14676 0.01506	0.14057 0.02126	0.14933 0.02126
0	1.0 1.0	0.09599 0.06505	0.09599 0.04667	0.05848 0.06505
0	1.0 1.0	0.05848 0.06505	0.09599 0.04667	0.05848 0.04667
0	1.0 1.0	0.11075 0.09305	0.11075 0.07467	0.07325 0.09305
0	1.0 1.0	0.11075 0.07467	0.07325 0.07467	0.07325 0.09305
0	1.0 1.0	0.1338 0.19707	0.23896 0.01494	0.13112 0.19552
0	1.0 1.0	0.13649 0.19862	0.23896 0.01494	0.1338 0.19707
0	1.0 1.0	0.13649 0.19862	0.24164 0.01649	0.23896 0.01494
0	1.0 1.0	0.02082 0.22183	0.23113 0.22493	0.23113 0.22183
0	1.0 1.0	0.02082 0.22493	0.23113 0.22493	0.02082 0.22183
0	1.0 1.0	0.02082 0.22802	0.23113 0.22493	0.02082 0.22493
0	1.0 1.0	0.02082 0.22802	0.23113 0.22802	0.23113 0.22493
0	1.0 1.0	0.117 0.19925	0.01453 0.01556	0.01184 0.01711
0	1.0 1.0	0.11968 0.1977	0.01453 0.01556	0.117 0.19925
0	1.0 1.0	0.12237 0.19615	0.01453 0.01556	0.11968 0.1977
0	1.0 1.0	0.12237 0.19615	0.01721 0.01401	0.01453 0.01556
0	1.0 1.0	0.23113 0.24723	0.02082 0.24413	0.02082 0.24723
0	1.0 1.0	0.23113 0.24413	0.02082 0.24413	0.23113 0.24723
0	1.0 1.0	0.23113 0.24103	0.02082 0.24413	0.23113 0.24413
0	1.0 1.0	0.23113 0.24103	0.02082 0.24103	0.02082 0.24413
0	1.0 1.0	0.23896 0.01494	0.23628 0.01339	0.13112 0.19552
0	1.0 1.0	0.16428 0.01242	0.16428 0.02118	0.17048 0.01498
0	1.0 1.0	0.17048 0.01498	0.16428 0.02118	0.17305 0.02118
0	1.0 1.0	0.17305 0.02118	0.16428 0.02118	0.17048 0.02738
0	1.0 1.0	0.17048 0.02738	0.16428 0.02118	0.16428 0.02994
0	1.0 1.0	0.16428 0.02994	0.16428 0.02118	0.15809 0.02738
0	1.0 1.0	0.15809 0.02738	0.16428 0.02118	0.15552 0.02118
0	1.0 1.0	0.15552 0.02118	0.16428 0.02118	0.15809 0.01498
0	1.0 1.0	0.15809 0.01498	0.16428 0.02118	0.16428 0.01242
0	1.0 1.0	0.47018 0.10565	0.47018 0.01802	0.43665 0.10565
0	1.0 1.0	0.50372 0.10565	0.47018 0.01802	0.47018 0.10565
0	1.0 1.0	0.50372 0.10565	0.50372 0.01802	0.47018 0.01802
0	1.0 1.0	0.50372 0.10565	0.53215 0.01802	0.50372 0.01802
0	1.0 1.0	0.53215 0.10565	0.53215 0.01802	0.50372 0.10565
0	1.0 1.0	0.5555 0.04703	0.64313 0.0186	0.5555 0.0186
0	1.0 1.0	0.5555 0.04703	0.64313 0.04703	0.64313 0.0186
0	1.0 1.0	0.5555 0.04703	0.64313 0.08056	0.64313 0.04703
0	1.0 1.0	0.5555 0.08056	0.64313 0.08056	0.5555 0.04703
0	1.0 1.0	0.5555 0.1141	0.64313 0.08056	0.5555 0.08056
0	1.0 1.0	0.5555 0.1141	0.64313 0.1141	0.64313 0.08056
0	1.0 1.0	0.5555 0.1141	0.64313 0.14253	0.64313 0.1141
0	1.0 1.0	0.5555 0.14253	0.64313 0.14253	0.5555 0.1141
0	1.0 1.0	0.28397 0.10565	0.25555 0.01802	0.25555 0.10565
0	1.0 1.0	0.28397 0.10565	0.28397 0.01802	0.25555 0.01802
0	1.0 1.0	0.28397 0.10565	0.31751 0.01802	0.28397 0.01802
0	1.0 1.0	0.31751 0.10565	0.31751 0.01802	0.28397 0.10565
0	1.0 1.0	0.35104 0.10565	0.31751 0.01802	0.31751 0.10565
0	1.0 1.0	0.35104 0.10565	0.35104 0.01802	0.31751 0.01802
0	1.0 1.0	0.35104 0.10565	0.37947 0.01802	0.35104 0.01802
0	1.0 1.0	0.37947 0.10565	0.37947 0.01802	0.35104 0.10565
0	1.0 1.0	0.64313 0.2672	0.5555 0.29563	0.64313 0.29563
0	1.0 1.0	0.64313 0.2672	0.5555 0.2672	0.5555 0.29563
0	1.0 1.0	0.64313 0.2672	0.5555 0.23367	0.5555 0.2672
0	1.0 1.0	0.64313 0.23367	0.5555 0.23367	0.64313 0.2672
0	1.0 1.0	0.64313 0.20013	0.5555 0.23367	0.64313 0.23367
0	1.0 1.0	0.64313 0.20013	0.5555 0.20013	0.5555 0.23367
0	1.0 1.0	0.64313 0.20013	0.5555 0.1717	0.5555 0.20013
0	1.0 1.0	0.64313 0.1717	0.5555 0.1717	0.64313 0.20013
0	1.0 1.0	0.43665 0.10565	0.40822 0.01802	0.40822 0.10565
0	1.0 1.0	0.43665 0.10565	0.43665 0.01802	0.40822 0.01802
0	1.0 1.0	0.47018 0.01802	0.43665 0.01802	0.43665 0.10565
0	1.0 1.0	0.604 0.43165	0.65142 0.39032	0.604 0.39644
0	1.0 1.0	0.604 0.43165	0.55657 0.39032	0.54823 0.42445
0	1.0 1.0	0.65977 0.42445	0.65142 0.39032	0.604 0.43165
0	1.0 1.0	0.70704 0.40396	0.65142 0.39032	0.65977 0.42445
0	1.0 1.0	0.70704 0.40396	0.69163 0.37289	0.65142 0.39032
0	1.0 1.0	0.59915 0.44659	0.61279 0.50221	0.63021 0.46201
0	1.0 1.0	0.57866 0.49387	0.61279 0.50221	0.59915 0.44659
0	1.0 1.0	0.57146 0.54964	0.61279 0.50221	0.57866 0.49387
0	1.0 1.0	0.57146 0.54964	0.60667 0.54964	0.61279 0.50221
0	1.0 1.0	0.57146 0.54964	0.61279 0.59706	0.60667 0.54964
0	1.0 1.0	0.57866 0.6054	0.61279 0.59706	0.57146 0.54964
0	1.0 1.0	0.59915 0.65268	0.61279 0.59706	0.57866 0.6054
0	1.0 1.0	0.59915 0.65268	0.63021 0.63727	0.61279 0.59706
0	1.0 1.0	0.50135 0.34225	0.55696 0.32861	0.51676 0.31119
0	1.0 1.0	0.54862 0.36274	0.55696 0.32861	0.50135 0.34225
0	1.0 1.0	0.60439 0.36994	0.55696 0.32861	0.54862 0.36274
0	1.0 1.0	0.60439 0.36994	0.60439 0.33473	0.55696 0.32861
0	1.0 1.0	0.60439 0.36994	0.65181 0.32861	0.60439 0.33473
0	1.0 1.0	0.66016 0.36274	0.65181 0.32861	0.60439 0.36994
0	1.0 1.0	0.70743 0.34225	0.65181 0.32861	0.66016 0.36274
0	1.0 1.0	0.70743 0.34225	0.69202 0.31119	0.65181 0.32861
0	1.0 1.0	0.53002 0.65338	0.51638 0.59776	0.49896 0.63796
0	1.0 1.0	0.55051 0.6061	0.51638 0.59776	0.53002 0.65338
0	1.0 1.0	0.55771 0.55033	0.51638 0.59776	0.55051 0.6061
0	1.0 1.0	0.55771 0.55033	0.5225 0.55033	0.51638 0.59776
0	1.0 1.0	0.55771 0.55033	0.51638 0.50291	0.5225 0.55033
0	1.0 1.0	0.55051 0.49457	0.51638 0.50291	0.55771 0.55033
0	1.0 1.0	0.53002 0.44729	0.51638 0.50291	0.55051 0.49457
0	1.0 1.0	0.53002 0.44729	0.49896 0.4627	0.51638 0.50291
0	1.0 1.0	0.50096 0.40396	0.55657 0.39032	0.51637 0.37289
0	1.0 1.0	0.54823 0.42445	0.55657 0.39032	0.50096 0.40396
0	1.0 1.0	0.604 0.39644	0.55657 0.39032	0.604 0.43165
0	1.0 1.0	0.85643 0.18834	0.85643 0.2149	0.90386 0.19777
0	1.0 1.0	0.80901 0.19777	0.85643 0.2149	0.85643 0.18834
0	1.0 1.0	0.80901 0.19777	0.81917 0.22231	0.85643 0.2149
0	1.0 1.0	0.80901 0.19777	0.78758 0.24341	0.81917 0.22231
0	1.0 1.0	0.7688 0.22463	0.78758 0.24341	0.80901 0.19777
0	1.0 1.0	0.74194 0.26484	0.78758 0.24341	0.7688 0.22463
0	1.0 1.0	0.74194 0.26484	0.76648 0.275	0.78758 0.24341
0	1.0 1.0	0.74194 0.26484	0.75906 0.31227	0.76648 0.275
0	1.0 1.0	0.73251 0.31227	0.75906 0.31227	0.74194 0.26484
0	1.0 1.0	0.74194 0.35969	0.75906 0.31227	0.73251 0.31227
0	1.0 1.0	0.74194 0.35969	0.76648 0.34953	0.75906 0.31227
0	1.0 1.0	0.74194 0.35969	0.78758 0.38112	0.76648 0.34953
0	1.0 1.0	0.7688 0.3999	0.78758 0.38112	0.74194 0.35969
0	1.0 1.0	0.80901 0.42676	0.78758 0.38112	0.7688 0.3999
0	1.0 1.0	0.80901 0.42676	0.81917 0.40222	0.78758 0.38112
0	1.0 1.0	0.80901 0.42676	0.85643 0.40964	0.81917 0.40222
0	1.0 1.0	0.85643 0.43619	0.85643 0.40964	0.80901 0.42676
0	1.0 1.0	0.90386 0.42676	0.85643 0.40964	0.85643 0.43619
0	1.0 1.0	0.90386 0.42676	0.8937 0.40222	0.85643 0.40964
0	1.0 1.0	0.90386 0.42676	0.92528 0.38112	0.8937 0.40222
0	1.0 1.0	0.94406 0.3999	0.92528 0.38112	0.90386 0.42676
0	1.0 1.0	0.97093 0.35969	0.92528 0.38112	0.94406 0.3999
0	1.0 1.0	0.97093 0.35969	0.94639 0.34953	0.92528 0.38112
0	1.0 1.0	0.97093 0.35969	0.9538 0.31227	0.94639 0.34953
0	1.0 1.0	0.98036 0.31227	0.9538 0.31227	0.97093 0.35969
0	1.0 1.0	0.97093 0.26484	0.9538 0.31227	0.98036 0.31227
0	1.0 1.0	0.97093 0.26484	0.94639 0.275	0.9538 0.31227
0	1.0 1.0	0.97093 0.26484	0.92528 0.24341	0.94639 0.275
0	1.0 1.0	0.94406 0.22463	0.92528 0.24341	0.97093 0.26484
0	1.0 1.0	0.90386 0.19777	0.92528 0.24341	0.94406 0.22463
0	1.0 1.0	0.90386 0.19777	0.8937 0.22231	0.92528 0.24341
0	1.0 1.0	0.85643 0.2149	0.8937 0.22231	0.90386 0.19777
0	1.0 1.0	0.85643 0.2149	0.83077 0.2503	0.85643 0.2452
0	1.0 1.0	0.85643 0.2149	0.8821 0.2503	0.8937 0.22231
0	1.0 1.0	0.81917 0.22231	0.83077 0.2503	0.85643 0.2149
0	1.0 1.0	0.78758 0.24341	0.83077 0.2503	0.81917 0.22231
0	1.0 1.0	0.78758 0.24341	0.80901 0.26484	0.83077 0.2503
0	1.0 1.0	0.78758 0.24341	0.79447 0.2866	0.80901 0.26484
0	1.0 1.0	0.76648 0.275	0.79447 0.2866	0.78758 0.24341
0	1.0 1.0	0.75906 0.31227	0.79447 0.2866	0.76648 0.275
0	1.0 1.0	0.75906 0.31227	0.78936 0.31227	0.79447 0.2866
0	1.0 1.0	0.75906 0.31227	0.79447 0.33793	0.78936 0.31227
0	1.0 1.0	0.76648 0.34953	0.79447 0.33793	0.75906 0.31227
0	1.0 1.0	0.78758 0.38112	0.79447 0.33793	0.76648 0.34953
0	1.0 1.0	0.78758 0.38112	0.80901 0.35969	0.79447 0.33793
0	1.0 1.0	0.78758 0.38112	0.83077 0.37423	0.80901 0.35969
0	1.0 1.0	0.81917 0.40222	0.83077 0.37423	0.78758 0.38112
0	1.0 1.0	0.85643 0.40964	0.83077 0.37423	0.81917 0.40222
0	1.0 1.0	0.85643 0.40964	0.85643 0.37934	0.83077 0.37423
0	1.0 1.0	0.85643 0.40964	0.8821 0.37423	0.85643 0.37934
0	1.0 1.0	0.8937 0.40222	0.8821 0.37423	0.85643 0.40964
0	1.0 1.0	0.92528 0.38112	0.8821 0.37423	0.8937 0.40222
0	1.0 1.0	0.92528 0.38112	0.90386 0.35969	0.8821 0.37423
0	1.0 1.0	0.92528 0.38112	0.9184 0.33793	0.90386 0.35969
0	1.0 1.0	0.94639 0.34953	0.9184 0.33793	0.92528 0.38112
0	1.0 1.0	0.9538 0.31227	0.9184 0.33793	0.94639 0.34953
0	1.0 1.0	0.9538 0.31227	0.9235 0.31227	0.9184 0.33793
0	1.0 1.0	0.9538 0.31227	0.9184 0.2866	0.9235 0.31227
0	1.0 1.0	0.94639 0.275	0.9184 0.2866	0.9538 0.31227
0	1.0 1.0	0.92528 0.24341	0.9184 0.2866	0.94639 0.275
0	1.0 1.0	0.92528 0.24341	0.90386 0.26484	0.9184 0.2866
0	1.0 1.0	0.92528 0.24341	0.8821 0.2503	0.90386 0.26484
0	1.0 1.0	0.8937 0.22231	0.8821 0.2503	0.92528 0.24341
0	1.0 1.0	0.85643 0.2452	0.8821 0.2503	0.85643 0.2149
0	1.0 1.0	0.85643 0.2452	0.85643 0.27807	0.8821 0.2503
0	1.0 1.0	0.83077 0.2503	0.85643 0.27807	0.85643 0.2452
0	1.0 1.0	0.83077 0.2503	0.84335 0.28068	0.85643 0.27807
0	1.0 1.0	0.83077 0.2503	0.83226 0.28809	0.84335 0.28068
0	1.0 1.0	0.80901 0.26484	0.83226 0.28809	0.83077 0.2503
0	1.0 1.0	0.79447 0.2866	0.83226 0.28809	0.80901 0.26484
0	1.0 1.0	0.79447 0.2866	0.82484 0.29918	0.83226 0.28809
0	1.0 1.0	0.79447 0.2866	0.82224 0.31227	0.82484 0.29918
0	1.0 1.0	0.78936 0.31227	0.82224 0.31227	0.79447 0.2866
0	1.0 1.0	0.79447 0.33793	0.82224 0.31227	0.78936 0.31227
0	1.0 1.0	0.79447 0.33793	0.82484 0.32535	0.82224 0.31227
0	1.0 1.0	0.79447 0.33793	0.83226 0.33644	0.82484 0.32535
0	1.0 1.0	0.80901 0.35969	0.83226 0.33644	0.79447 0.33793
0	1.0 1.0	0.83077 0.37423	0.83226 0.33644	0.80901 0.35969
0	1.0 1.0	0.83077 0.37423	0.84335 0.34385	0.83226 0.33644
0	1.0 1.0	0.83077 0.37423	0.85643 0.34646	0.84335 0.34385
0	1.0 1.0	0.85643 0.37934	0.85643 0.34646	0.83077 0.37423
0	1.0 1.0	0.8821 0.37423	0.85643 0.34646	0.85643 0.37934
0	1.0 1.0	0.8821 0.37423	0.86952 0.34385	0.85643 0.34646
0	1.0 1.0	0.8821 0.37423	0.88061 0.33644	0.86952 0.34385
0	1.0 1.0	0.90386 0.35969	0.88061 0.33644	0.8821 0.37423
0	1.0 1.0	0.9184 0.33793	0.88061 0.33644	0.90386 0.35969
0	1.0 1.0	0.9184 0.33793	0.88802 0.32535	0.88061 0.33644
0	1.0 1.0	0.9184 0.33793	0.89063 0.31227	0.88802 0.32535
0	1.0 1.0	0.9235 0.31227	0.89063 0.31227	0.9184 0.33793
0	1.0 1.0	0.9184 0.2866	0.89063 0.31227	0.9235 0.31227
0	1.0 1.0	0.9184 0.2866	0.88802 0.29918	0.89063 0.31227
0	1.0 1.0	0.9184 0.2866	0.88061 0.28809	0.88802 0.29918
0	1.0 1.0	0.90386 0.26484	0.88061 0.28809	0.9184 0.2866
0	1.0 1.0	0.8821 0.2503	0.88061 0.28809	0.90386 0.26484
0	1.0 1.0	0.8821 0.2503	0.86952 0.28068	0.88061 0.28809
0	1.0 1.0	0.85643 0.27807	0.86952 0.28068	0.8821 0.2503
0	1.0 1.0	0.85643 0.27807	0.85643 0.31227	0.86952 0.28068
0	1.0 1.0	0.84335 0.28068	0.85643 0.31227	0.85643 0.27807
0	1.0 1.0	0.83226 0.28809	0.85643 0.31227	0.84335 0.28068
0	1.0 1.0	0.82484 0.29918	0.85643 0.31227	0.83226 0.28809
0	1.0 1.0	0.82224 0.31227	0.85643 0.31227	0.82484 0.29918
0	1.0 1.0	0.82484 0.32535	0.85643 0.31227	0.82224 0.31227
0	1.0 1.0	0.83226 0.33644	0.85643 0.31227	0.82484 0.32535
0	1.0 1.0	0.84335 0.34385	0.85643 0.31227	0.83226 0.33644
0	1.0 1.0	0.85643 0.34646	0.85643 0.31227	0.84335 0.34385
0	1.0 1.0	0.86952 0.34385	0.85643 0.31227	0.85643 0.34646
0	1.0 1.0	0.88061 0.33644	0.85643 0.31227	0.86952 0.34385
0	1.0 1.0	0.88802 0.32535	0.85643 0.31227	0.88061 0.33644
0	1.0 1.0	0.89063 0.31227	0.85643 0.31227	0.88802 0.32535
0	1.0 1.0	0.88802 0.29918	0.85643 0.31227	0.89063 0.31227
0	1.0 1.0	0.88061 0.28809	0.85643 0.31227	0.88802 0.29918
0	1.0 1.0	0.86952 0.28068	0.85643 0.31227	0.88061 0.28809
0	1.0 1.0	0.11766 0.84931	0.11766 0.81612	0.06294 0.8419
0	1.0 1.0	0.06294 0.8419	0.03184 0.79194	0.01656 0.82082
0	1.0 1.0	0.05376 0.52195	0.02488 0.53723	0.07484 0.56833
0	1.0 1.0	0.07484 0.56833	0.04906 0.62305	0.08224 0.62305
0	1.0 1.0	0.08224 0.62305	0.04906 0.62305	0.07484 0.67777
0	1.0 1.0	0.07484 0.67777	0.02488 0.70887	0.05376 0.72416
0	1.0 1.0	0.21877 0.76345	0.20348 0.73457	0.17238 0.78454
0	1.0 1.0	0.17238 0.78454	0.11766 0.75875	0.11766 0.79194
0	1.0 1.0	0.11766 0.79194	0.11766 0.75875	0.06294 0.78454
0	1.0 1.0	0.06294 0.78454	0.03184 0.73457	0.01656 0.76345
0	1.0 1.0	0.13171 0.72416	0.16059 0.70887	0.11063 0.67777
0	1.0 1.0	0.11063 0.67777	0.13641 0.62305	0.10322 0.62305
0	1.0 1.0	0.10322 0.62305	0.13641 0.62305	0.11063 0.56833
0	1.0 1.0	0.11063 0.56833	0.16059 0.53723	0.13171 0.52195
0	1.0 1.0	0.21877 0.82082	0.20348 0.79194	0.17238 0.8419
0	1.0 1.0	0.17238 0.8419	0.11766 0.81612	0.11766 0.84931
0	1.0 1.0	0.17238 0.8419	0.16411 0.80983	0.11766 0.81612
0	1.0 1.0	0.11766 0.81612	0.07122 0.80983	0.06294 0.8419
0	1.0 1.0	0.33604 0.29148	0.37252 0.32475	0.38248 0.30071
0	1.0 1.0	0.33604 0.29148	0.29955 0.32475	0.33604 0.31749
0	1.0 1.0	0.07122 0.80983	0.03184 0.79194	0.06294 0.8419
0	1.0 1.0	0.38248 0.30071	0.37252 0.32475	0.42185 0.32702
0	1.0 1.0	0.02488 0.53723	0.04277 0.57661	0.07484 0.56833
0	1.0 1.0	0.42185 0.32702	0.42413 0.37635	0.44816 0.3664
0	1.0 1.0	0.04277 0.57661	0.04906 0.62305	0.07484 0.56833
0	1.0 1.0	0.44816 0.3664	0.42413 0.37635	0.4574 0.41284
0	1.0 1.0	0.04906 0.62305	0.04277 0.6695	0.07484 0.67777
0	1.0 1.0	0.4574 0.41284	0.42413 0.44933	0.44816 0.45929
0	1.0 1.0	0.04277 0.6695	0.02488 0.70887	0.07484 0.67777
0	1.0 1.0	0.44816 0.45929	0.42413 0.44933	0.42185 0.49866
0	1.0 1.0	0.20348 0.73457	0.16411 0.75247	0.17238 0.78454
0	1.0 1.0	0.42185 0.49866	0.37252 0.50093	0.38248 0.52497
0	1.0 1.0	0.16411 0.75247	0.11766 0.75875	0.17238 0.78454
0	1.0 1.0	0.38248 0.52497	0.37252 0.50093	0.33604 0.53421
0	1.0 1.0	0.11766 0.75875	0.07122 0.75247	0.06294 0.78454
0	1.0 1.0	0.33604 0.53421	0.29955 0.50093	0.28959 0.52497
0	1.0 1.0	0.07122 0.75247	0.03184 0.73457	0.06294 0.78454
0	1.0 1.0	0.28959 0.52497	0.29955 0.50093	0.25022 0.49866
0	1.0 1.0	0.16059 0.70887	0.1427 0.6695	0.11063 0.67777
0	1.0 1.0	0.25022 0.49866	0.24795 0.44933	0.22391 0.45929
0	1.0 1.0	0.1427 0.6695	0.13641 0.62305	0.11063 0.67777
0	1.0 1.0	0.22391 0.45929	0.24795 0.44933	0.21467 0.41284
0	1.0 1.0	0.13641 0.62305	0.1427 0.57661	0.11063 0.56833
0	1.0 1.0	0.21467 0.41284	0.24795 0.37635	0.22391 0.3664
0	1.0 1.0	0.1427 0.57661	0.16059 0.53723	0.11063 0.56833
0	1.0 1.0	0.22391 0.3664	0.24795 0.37635	0.25022 0.32702
0	1.0 1.0	0.20348 0.79194	0.16411 0.80983	0.17238 0.8419
0	1.0 1.0	0.25022 0.32702	0.29955 0.32475	0.28959 0.30071
0	1.0 1.0	0.28959 0.30071	0.29955 0.32475	0.33604 0.29148
0	1.0 1.0	0.33604 0.31749	0.37252 0.32475	0.33604 0.29148
0	1.0 1.0	0.33604 0.31749	0.33604 0.34717	0.37252 0.32475
0	1.0 1.0	0.37252 0.32475	0.40346 0.34542	0.42185 0.32702
0	1.0 1.0	0.37252 0.32475	0.38247 0.3664	0.40346 0.34542
0	1.0 1.0	0.40346 0.34542	0.42413 0.37635	0.42185 0.32702
0	1.0 1.0	0.40346 0.34542	0.38247 0.3664	0.42413 0.37635
0	1.0 1.0	0.42413 0.37635	0.43138 0.41284	0.4574 0.41284
0	1.0 1.0	0.42413 0.37635	0.40171 0.41284	0.43138 0.41284
0	1.0 1.0	0.43138 0.41284	0.42413 0.44933	0.4574 0.41284
0	1.0 1.0	0.43138 0.41284	0.40171 0.41284	0.42413 0.44933
0	1.0 1.0	0.42413 0.44933	0.40346 0.48026	0.42185 0.49866
0	1.0 1.0	0.42413 0.44933	0.38247 0.45928	0.40346 0.48026
0	1.0 1.0	0.40346 0.48026	0.37252 0.50093	0.42185 0.49866
0	1.0 1.0	0.40346 0.48026	0.38247 0.45928	0.37252 0.50093
0	1.0 1.0	0.37252 0.50093	0.33604 0.50819	0.33604 0.53421
0	1.0 1.0	0.37252 0.50093	0.33604 0.47851	0.33604 0.50819
0	1.0 1.0	0.33604 0.50819	0.29955 0.50093	0.33604 0.53421
0	1.0 1.0	0.33604 0.50819	0.33604 0.47851	0.29955 0.50093
0	1.0 1.0	0.29955 0.50093	0.26861 0.48026	0.25022 0.49866
0	1.0 1.0	0.29955 0.50093	0.2896 0.45928	0.26861 0.48026
0	1.0 1.0	0.26861 0.48026	0.24795 0.44933	0.25022 0.49866
0	1.0 1.0	0.26861 0.48026	0.2896 0.45928	0.24795 0.44933
0	1.0 1.0	0.24795 0.44933	0.24069 0.41284	0.21467 0.41284
0	1.0 1.0	0.24795 0.44933	0.27036 0.41284	0.24069 0.41284
0	1.0 1.0	0.24069 0.41284	0.24795 0.37635	0.21467 0.41284
0	1.0 1.0	0.24069 0.41284	0.27036 0.41284	0.24795 0.37635
0	1.0 1.0	0.24795 0.37635	0.26861 0.34542	0.25022 0.32702
0	1.0 1.0	0.24795 0.37635	0.2896 0.3664	0.26861 0.34542
0	1.0 1.0	0.26861 0.34542	0.29955 0.32475	0.25022 0.32702
0	1.0 1.0	0.26861 0.34542	0.2896 0.3664	0.29955 0.32475
0	1.0 1.0	0.29955 0.32475	0.33604 0.34717	0.33604 0.31749
0	1.0 1.0	0.29955 0.32475	0.3109 0.35217	0.33604 0.34717
0	1.0 1.0	0.33604 0.34717	0.36117 0.35217	0.37252 0.32475
0	1.0 1.0	0.33604 0.34717	0.34885 0.38191	0.36117 0.35217
0	1.0 1.0	0.33604 0.34717	0.32322 0.38191	0.33604 0.37936
0	1.0 1.0	0.36117 0.35217	0.38247 0.3664	0.37252 0.32475
0	1.0 1.0	0.36117 0.35217	0.34885 0.38191	0.38247 0.3664
0	1.0 1.0	0.38247 0.3664	0.39671 0.38771	0.42413 0.37635
0	1.0 1.0	0.38247 0.3664	0.36697 0.40003	0.39671 0.38771
0	1.0 1.0	0.39671 0.38771	0.40171 0.41284	0.42413 0.37635
0	1.0 1.0	0.39671 0.38771	0.36697 0.40003	0.40171 0.41284
0	1.0 1.0	0.40171 0.41284	0.39671 0.43797	0.42413 0.44933
0	1.0 1.0	0.40171 0.41284	0.36697 0.42565	0.39671 0.43797
0	1.0 1.0	0.39671 0.43797	0.38247 0.45928	0.42413 0.44933
0	1.0 1.0	0.39671 0.43797	0.36697 0.42565	0.38247 0.45928
0	1.0 1.0	0.38247 0.45928	0.36117 0.47351	0.37252 0.50093
0	1.0 1.0	0.38247 0.45928	0.34885 0.44377	0.36117 0.47351
0	1.0 1.0	0.36117 0.47351	0.33604 0.47851	0.37252 0.50093
0	1.0 1.0	0.36117 0.47351	0.34885 0.44377	0.33604 0.47851
0	1.0 1.0	0.33604 0.47851	0.3109 0.47351	0.29955 0.50093
0	1.0 1.0	0.33604 0.47851	0.32322 0.44377	0.3109 0.47351
0	1.0 1.0	0.3109 0.47351	0.2896 0.45928	0.29955 0.50093
0	1.0 1.0	0.3109 0.47351	0.32322 0.44377	0.2896 0.45928
0	1.0 1.0	0.2896 0.45928	0.27536 0.43797	0.24795 0.44933
0	1.0 1.0	0.2896 0.45928	0.30511 0.42565	0.27536 0.43797
0	1.0 1.0	0.27536 0.43797	0.27036 0.41284	0.24795 0.44933
0	1.0 1.0	0.27536 0.43797	0.30511 0.42565	0.27036 0.41284
0	1.0 1.0	0.27036 0.41284	0.27536 0.38771	0.24795 0.37635
0	1.0 1.0	0.27036 0.41284	0.30511 0.40003	0.27536 0.38771
0	1.0 1.0	0.27536 0.38771	0.2896 0.3664	0.24795 0.37635
0	1.0 1.0	0.27536 0.38771	0.30511 0.40003	0.2896 0.3664
0	1.0 1.0	0.2896 0.3664	0.3109 0.35217	0.29955 0.32475
0	1.0 1.0	0.2896 0.3664	0.32322 0.38191	0.3109 0.35217
0	1.0 1.0	0.3109 0.35217	0.32322 0.38191	0.33604 0.34717
0	1.0 1.0	0.33604 0.37936	0.34885 0.38191	0.33604 0.34717
0	1.0 1.0	0.33604 0.37936	0.33604 0.41284	0.34885 0.38191
0	1.0 1.0	0.34885 0.38191	0.35971 0.38917	0.38247 0.3664
0	1.0 1.0	0.34885 0.38191	0.33604 0.41284	0.35971 0.38917
0	1.0 1.0	0.35971 0.38917	0.36697 0.40003	0.38247 0.3664
0	1.0 1.0	0.35971 0.38917	0.33604 0.41284	0.36697 0.40003
0	1.0 1.0	0.36697 0.40003	0.36951 0.41284	0.40171 0.41284
0	1.0 1.0	0.36697 0.40003	0.33604 0.41284	0.36951 0.41284
0	1.0 1.0	0.36951 0.41284	0.36697 0.42565	0.40171 0.41284
0	1.0 1.0	0.36951 0.41284	0.33604 0.41284	0.36697 0.42565
0	1.0 1.0	0.36697 0.42565	0.35971 0.43651	0.38247 0.45928
0	1.0 1.0	0.36697 0.42565	0.33604 0.41284	0.35971 0.43651
0	1.0 1.0	0.35971 0.43651	0.34885 0.44377	0.38247 0.45928
0	1.0 1.0	0.35971 0.43651	0.33604 0.41284	0.34885 0.44377
0	1.0 1.0	0.34885 0.44377	0.33604 0.44632	0.33604 0.47851
0	1.0 1.0	0.34885 0.44377	0.33604 0.41284	0.33604 0.44632
0	1.0 1.0	0.33604 0.44632	0.32322 0.44377	0.33604 0.47851
0	1.0 1.0	0.33604 0.44632	0.33604 0.41284	0.32322 0.44377
0	1.0 1.0	0.32322 0.44377	0.31236 0.43651	0.2896 0.45928
0	1.0 1.0	0.32322 0.44377	0.33604 0.41284	0.31236 0.43651
0	1.0 1.0	0.31236 0.43651	0.30511 0.42565	0.2896 0.45928
0	1.0 1.0	0.31236 0.43651	0.33604 0.41284	0.30511 0.42565
0	1.0 1.0	0.30511 0.42565	0.30256 0.41284	0.27036 0.41284
0	1.0 1.0	0.30511 0.42565	0.33604 0.41284	0.30256 0.41284
0	1.0 1.0	0.30256 0.41284	0.30511 0.40003	0.27036 0.41284
0	1.0 1.0	0.30256 0.41284	0.33604 0.41284	0.30511 0.40003
0	1.0 1.0	0.30511 0.40003	0.31236 0.38917	0.2896 0.3664
0	1.0 1.0	0.30511 0.40003	0.33604 0.41284	0.31236 0.38917
0	1.0 1.0	0.31236 0.38917	0.32322 0.38191	0.2896 0.3664
0	1.0 1.0	0.31236 0.38917	0.33604 0.41284	0.32322 0.38191
0	1.0 1.0	0.32322 0.38191	0.33604 0.41284	0.33604 0.37936
0	1.0 1.0	0.17064 0.06672	0.17064 0.05795	0.15825 0.06672
0	1.0 1.0	0.18303 0.06672	0.17064 0.05795	0.17064 0.06672
0	1.0 1.0	0.18303 0.06672	0.18303 0.05795	0.17064 0.05795
0	1.0 1.0	0.14001 0.04064	0.14877 0.05303	0.14877 0.04064
0	1.0 1.0	0.14001 0.05303	0.14877 0.05303	0.14001 0.04064
0	1.0 1.0	0.14001 0.06542	0.14877 0.05303	0.14001 0.05303
0	1.0 1.0	0.14001 0.06542	0.14877 0.06542	0.14877 0.05303
0	1.0 1.0	0.15825 0.04855	0.17064 0.03979	0.15825 0.03979
0	1.0 1.0	0.17064 0.04855	0.17064 0.03979	0.15825 0.04855
0	1.0 1.0	0.18303 0.04855	0.17064 0.03979	0.17064 0.04855
0	1.0 1.0	0.18303 0.04855	0.18303 0.03979	0.17064 0.03979
0	1.0 1.0	0.1299 0.06546	0.12113 0.05307	0.12113 0.06546
0	1.0 1.0	0.1299 0.05307	0.12113 0.05307	0.1299 0.06546
0	1.0 1.0	0.1299 0.04068	0.12113 0.05307	0.1299 0.05307
0	1.0 1.0	0.1299 0.04068	0.12113 0.04068	0.12113 0.05307
0	1.0 1.0	0.17064 0.05795	0.15825 0.05795	0.15825 0.06672
0	1.0 1.0	0.1135 0.03493	0.121 0.03493	0.1135 0.01655
0	1.0 1.0	0.10463 0.03493	0.09713 0.01655	0.09713 0.03493
0	1.0 1.0	0.10463 0.01655	0.09713 0.01655	0.10463 0.03493
0	1.0 1.0	0.121 0.03493	0.121 0.01655	0.1135 0.01655
0	1.0 1.0	0.01956 0.42948	0.47491 0.69237	0.02266 0.42411
0	1.0 1.0	0.01647 0.43484	0.47491 0.69237	0.01956 0.42948
0	1.0 1.0	0.01647 0.43484	0.47181 0.69774	0.47491 0.69237
0	1.0 1.0	0.24046 0.75586	0.76624 0.76205	0.76624 0.75586
0	1.0 1.0	0.24046 0.76205	0.76624 0.76205	0.24046 0.75586
0	1.0 1.0	0.24046 0.76825	0.76624 0.76205	0.24046 0.76205
0	1.0 1.0	0.24046 0.76825	0.76624 0.76825	0.76624 0.76205
0	1.0 1.0	0.47844 0.13666	0.02 0.39419	0.0231 0.39956
0	1.0 1.0	0.47534 0.1313	0.02 0.39419	0.47844 0.13666
0	1.0 1.0	0.47224 0.12593	0.02 0.39419	0.47534 0.1313
0	1.0 1.0	0.47224 0.12593	0.0169 0.38882	0.02 0.39419
0	1.0 1.0	0.76624 0.73684	0.24046 0.73065	0.24046 0.73684
0	1.0 1.0	0.76624 0.73065	0.24046 0.73065	0.76624 0.73684
0	1.0 1.0	0.76624 0.72445	0.24046 0.73065	0.76624 0.73065
0	1.0 1.0	0.76624 0.72445	0.24046 0.72445	0.24046 0.73065
0	1.0 1.0	0.47491 0.69237	0.47801 0.687	0.02266 0.42411
0	1.0 1.0	0.08888 0.03803	0.05137 0.03053	0.05137 0.03803
0	1.0 1.0	0.08888 0.03803	0.08888 0.03053	0.05137 0.03053
0	1.0 1.0	0.08888 0.02181	0.05137 0.01431	0.05137 0.02181
0	1.0 1.0	0.08888 0.02181	0.08888 0.01431	0.05137 0.01431

NAMES 1
jaguar_company_base_buoy

NORMALS
0 0 -1
0 0 -1
0 0 -1
0 0 -1
0 0 -1
0 0 -1
0 0 -1
0 0 -1
0 0 -1
0 0 -1
0 0 -1
0 0 -1
0 0 -1
0 0 -1
0 0 -1
0 0 -1
0 0 -1
0 0 1
0 0 1
0 0 1
0 0 1
0 0 1
0 0 1
0 0 1
0 0 1
0 0 1
0 0 1
0 0 1
0 0 1
0 0 1
0 0 1
0 0 1
0 0 1
0 0 1
0 0 1
0 0 1
0 0 1
0 0 1
0 0 1
0 0 1
0 0 1
0 0 1
0 0 1
0 0 1
0 0 1
0 0 1
0 0 1
0 0 1
0 0 1
0 0 -1
0 0 -1
0 0 -1
0 0 -1
0 0 -1
0 0 -1
0 0 -1
0 0 -1
0 0 -1
0 0 1
0 0 1
0 0 1
0 0 1
0 0 -1
0 0 -1
0 0 -1
0 0 -1
0 1 0
0 1 0
0.61237 0.70711 -0.35355
-0.61237 0.70711 0.35355
-0.61237 0.70711 0.35355
-0.86603 0 0.5
-0.86603 0 0.5
-0.61237 -0.70711 0.35355
-0.61237 -0.70711 0.35355
0 -1 0
0 -1 0
0.61237 -0.70711 -0.35355
0.61237 -0.70711 -0.35355
0.86603 0 -0.5
0.86603 0 -0.5
0.61237 0.70711 -0.35355
0.86603 0 -0.5
0.86603 0 -0.5
0.86603 0 -0.5
0.86603 0 -0.5
0.86603 0 -0.5
0.86603 0 -0.5
0.86603 0 -0.5
0.86603 0 -0.5
0.86603 0 -0.5
0 1 0
0 1 0
0.38268 0.92388 0
-0.38268 0.92388 0
-0.38268 0.92388 0
-0.70711 0.70711 0
-0.70711 0.70711 0
-0.92388 0.38268 0
-0.92388 0.38268 0
-1 0 0
-1 0 0
-0.92388 -0.38268 0
-0.92388 -0.38268 0
-0.70711 -0.70711 0
-0.70711 -0.70711 0
-0.38268 -0.92388 0
-0.38268 -0.92388 0
0 -1 0
0 -1 0
0.38268 -0.92388 0
0.38268 -0.92388 0
0.70711 -0.70711 0
0.70711 -0.70711 0
0.92388 -0.38268 0
0.92388 -0.38268 0
1 0 0
1 0 0
0.92388 0.38268 0
0.92388 0.38268 0
0.70711 0.70711 0
0.70711 0.70711 0
0.38268 0.92388 0
0 0.7857 -0.61861
-0.27326 0.65972 -0.70007
0 0.71407 -0.70007
0.27326 0.65972 -0.70007
0.30067 0.72589 -0.61861
-0.30067 0.72589 -0.61861
-0.55557 0.55557 -0.61861
-0.50493 0.50493 -0.70007
-0.65972 0.27326 -0.70007
-0.72589 0.30067 -0.61861
-0.7857 0 -0.61861
-0.71407 0 -0.70007
-0.65972 -0.27326 -0.70007
-0.72589 -0.30067 -0.61861
-0.55557 -0.55557 -0.61861
-0.50493 -0.50493 -0.70007
-0.27326 -0.65972 -0.70007
-0.30067 -0.72589 -0.61861
0 -0.7857 -0.61861
0 -0.71407 -0.70007
0.27326 -0.65972 -0.70007
0.30067 -0.72589 -0.61861
0.55557 -0.55557 -0.61861
0.50493 -0.50493 -0.70007
0.65972 -0.27326 -0.70007
0.72589 -0.30067 -0.61861
0.7857 0 -0.61861
0.71407 0 -0.70007
0.65972 0.27326 -0.70007
0.72589 0.30067 -0.61861
0.55557 0.55557 -0.61861
0.50493 0.50493 -0.70007
0 0.55543 -0.83157
-0.21255 0.51315 -0.83157
-0.39275 0.39275 -0.83157
-0.51315 0.21255 -0.83157
-0.55543 0 -0.83157
-0.51315 -0.21255 -0.83157
-0.39275 -0.39275 -0.83157
-0.21255 -0.51315 -0.83157
0 -0.55543 -0.83157
0.21255 -0.51315 -0.83157
0.39275 -0.39275 -0.83157
0.51315 -0.21255 -0.83157
0.55543 0 -0.83157
0.51315 0.21255 -0.83157
0.39275 0.39275 -0.83157
0.21255 0.51315 -0.83157
-0.1464 0.35344 -0.92393
0 0.38256 -0.92393
0.1464 0.35344 -0.92393
-0.27051 0.27051 -0.92393
-0.35344 0.1464 -0.92393
-0.38256 0 -0.92393
-0.35344 -0.1464 -0.92393
-0.27051 -0.27051 -0.92393
-0.1464 -0.35344 -0.92393
0 -0.38256 -0.92393
0.1464 -0.35344 -0.92393
0.27051 -0.27051 -0.92393
0.35344 -0.1464 -0.92393
0.38256 0 -0.92393
0.35344 0.1464 -0.92393
0.27051 0.27051 -0.92393
0 0.2271 -0.97387
-0.07463 0.18017 -0.9808
-0.16059 0.16059 -0.97387
-0.18017 0.07463 -0.9808
-0.2271 0 -0.97387
-0.18017 -0.07463 -0.9808
-0.16059 -0.16059 -0.97387
-0.07463 -0.18017 -0.9808
0 -0.2271 -0.97387
0.07463 -0.18017 -0.9808
0.16059 -0.16059 -0.97387
0.18017 -0.07463 -0.9808
0.2271 0 -0.97387
0.18017 0.07463 -0.9808
0.16059 0.16059 -0.97387
0.07463 0.18017 -0.9808
0 0 -1
0 -0.7592 0.65086
0 -0.69936 0.71477
0.29053 -0.70141 0.65086
0.49452 -0.49452 0.71477
0.53684 -0.53684 0.65086
0.70141 -0.29053 0.65086
0.69936 0 0.71477
0.7592 0 0.65086
0.70141 0.29053 0.65086
0.49452 0.49452 0.71477
0.53684 0.53684 0.65086
0.29053 0.70141 0.65086
0 0.69936 0.71477
0 0.7592 0.65086
-0.29053 0.70141 0.65086
-0.49452 0.49452 0.71477
-0.53684 0.53684 0.65086
-0.70141 0.29053 0.65086
-0.69936 0 0.71477
-0.7592 0 0.65086
-0.70141 -0.29053 0.65086
-0.49452 -0.49452 0.71477
-0.53684 -0.53684 0.65086
-0.29053 -0.70141 0.65086
-0.26763 -0.64613 0.71477
0.26763 -0.64613 0.71477
0.21255 -0.51315 0.83157
-0.21255 -0.51315 0.83157
0 -0.55543 0.83157
0.64613 -0.26763 0.71477
0.51315 -0.21255 0.83157
0.64613 0.26763 0.71477
0.51315 0.21255 0.83157
0.26763 0.64613 0.71477
0.21255 0.51315 0.83157
-0.26763 0.64613 0.71477
-0.21255 0.51315 0.83157
-0.64613 0.26763 0.71477
-0.51315 0.21255 0.83157
-0.64613 -0.26763 0.71477
-0.51315 -0.21255 0.83157
0 -0.38256 0.92393
0.39275 -0.39275 0.83157
0.27051 -0.27051 0.92393
0.55543 0 0.83157
0.38256 0 0.92393
0.39275 0.39275 0.83157
0.27051 0.27051 0.92393
0 0.55543 0.83157
0 0.38256 0.92393
-0.39275 0.39275 0.83157
-0.27051 0.27051 0.92393
-0.55543 0 0.83157
-0.38256 0 0.92393
-0.39275 -0.39275 0.83157
-0.27051 -0.27051 0.92393
-0.1464 -0.35344 0.92393
0.1464 -0.35344 0.92393
0.08691 -0.20982 0.97387
-0.08691 -0.20982 0.97387
0 -0.19502 0.9808
0.35344 -0.1464 0.92393
0.20982 -0.08691 0.97387
0.35344 0.1464 0.92393
0.20982 0.08691 0.97387
0.1464 0.35344 0.92393
0.08691 0.20982 0.97387
-0.1464 0.35344 0.92393
-0.08691 0.20982 0.97387
-0.35344 0.1464 0.92393
-0.20982 0.08691 0.97387
-0.35344 -0.1464 0.92393
-0.20982 -0.08691 0.97387
0 0 1
0.1379 -0.1379 0.9808
0.19502 0 0.9808
0.1379 0.1379 0.9808
0 0.19502 0.9808
-0.1379 0.1379 0.9808
-0.19502 0 0.9808
-0.1379 -0.1379 0.9808
0 1 0
0 1 0
0.70711 0.70711 0
-0.70711 0.70711 0
-0.70711 0.70711 0
-1 0 0
-1 0 0
-0.70711 -0.70711 0
-0.70711 -0.70711 0
0 -1 0
0 -1 0
0.70711 -0.70711 0
0.70711 -0.70711 0
1 0 0
1 0 0
0.70711 0.70711 0
-1 0 0
-1 0 0
-1 0 0
1 0 0
1 0 0
1 0 0
1 0 0
-1 0 0
0 1 0
0 1 0
-0.35355 0.70711 -0.61237
0.35355 0.70711 0.61237
0.35355 0.70711 0.61237
0.5 0 0.86603
0.5 0 0.86603
0.35355 -0.70711 0.61237
0.35355 -0.70711 0.61237
0 -1 0
0 -1 0
-0.35355 -0.70711 -0.61237
-0.35355 -0.70711 -0.61237
-0.5 0 -0.86603
-0.5 0 -0.86603
-0.35355 0.70711 -0.61237
0 -1 0
0 -1 0
0 -1 0
0 -1 0
0 1 0
0 1 0
0 1 0
0 1 0

END
