// Converted by Obj2DatTexNorm.py Wavefront OBJ file conversion script
// (c) 2005-2012 By Giles Williams and Jens Ayton
// 
// original file: "jaguar_company_tracker.obj"
// 
// model size: 10.000 x 1.000 x 16.398
// 
// materials used: ['jaguar_company_tracker']
// 
NVERTS 14
NFACES 24

VERTEX
5 -0.5 -1.45416
0 -0.5 8.54584
5 0.5 -1.45416
1.66667 -0.5 0.71522
-5 0.5 -1.45416
-5 -0.5 -1.45416
0 0.5 8.54584
-1.66667 0.5 0.71522
-1.66667 -0.5 0.71522
1.66667 -0.5 -7.85249
1.66667 0.5 -7.85249
-1.66667 -0.5 -7.85249
-1.66667 0.5 -7.85249
1.66667 0.5 0.71522

FACES
0 0 0	0 0 0	3	0 1 2
0 0 0	0 0 0	3	0 3 1
0 0 0	0 0 0	3	2 3 0
0 0 0	0 0 0	3	4 1 5
0 0 0	0 0 0	3	4 6 1
0 0 0	0 0 0	3	4 7 6
0 0 0	0 0 0	3	4 8 7
0 0 0	0 0 0	3	5 8 4
0 0 0	0 0 0	3	9 10 11
0 0 0	0 0 0	3	9 3 10
0 0 0	0 0 0	3	9 8 3
0 0 0	0 0 0	3	11 8 9
0 0 0	0 0 0	3	10 12 11
0 0 0	0 0 0	3	10 7 12
0 0 0	0 0 0	3	10 3 13
0 0 0	0 0 0	3	12 8 11
0 0 0	0 0 0	3	1 6 2
0 0 0	0 0 0	3	1 8 5
0 0 0	0 0 0	3	6 13 2
0 0 0	0 0 0	3	6 7 13
0 0 0	0 0 0	3	13 7 10
0 0 0	0 0 0	3	13 3 2
0 0 0	0 0 0	3	7 8 12
0 0 0	0 0 0	3	3 8 1

TEXTURES
0	1.0 1.0	0.02597 0.96713	0.54846 0.96713	0.02597 0.9204
0	1.0 1.0	0.48893 0.82018	0.38754 0.6644	0.0216 0.58651
0	1.0 1.0	0.21254 0.42394	0.02668 0.47067	0.21254 0.47067
0	1.0 1.0	0.54916 0.85035	0.02668 0.89708	0.54916 0.89708
0	1.0 1.0	0.54916 0.85035	0.02668 0.85035	0.02668 0.89708
0	1.0 1.0	0.44696 0.01883	0.54835 0.17461	0.91429 0.2525
0	1.0 1.0	0.026 0.3577	0.21186 0.40444	0.21186 0.3577
0	1.0 1.0	0.026 0.40444	0.21186 0.40444	0.026 0.3577
0	1.0 1.0	0.18517 0.76711	0.18517 0.72038	0.02939 0.76711
0	1.0 1.0	0.02172 0.13412	0.42211 0.13412	0.02172 0.08739
0	1.0 1.0	0.78794 0.6644	0.38754 0.50862	0.38754 0.6644
0	1.0 1.0	0.78794 0.50862	0.38754 0.50862	0.78794 0.6644
0	1.0 1.0	0.18517 0.72038	0.02939 0.72038	0.02939 0.76711
0	1.0 1.0	0.14795 0.33038	0.54835 0.17461	0.14795 0.17461
0	1.0 1.0	0.02172 0.08739	0.42211 0.13412	0.42211 0.08739
0	1.0 1.0	0.42168 0.0179	0.02129 0.06464	0.42168 0.06464
0	1.0 1.0	0.54846 0.96713	0.54846 0.9204	0.02597 0.9204
0	1.0 1.0	0.0216 0.58651	0.38754 0.50862	0.48893 0.35285
0	1.0 1.0	0.91429 0.2525	0.54835 0.33038	0.44696 0.48616
0	1.0 1.0	0.91429 0.2525	0.54835 0.17461	0.54835 0.33038
0	1.0 1.0	0.54835 0.33038	0.54835 0.17461	0.14795 0.33038
0	1.0 1.0	0.02668 0.42394	0.02668 0.47067	0.21254 0.42394
0	1.0 1.0	0.02129 0.0179	0.02129 0.06464	0.42168 0.0179
0	1.0 1.0	0.38754 0.6644	0.38754 0.50862	0.0216 0.58651

NAMES 1
jaguar_company_tracker

NORMALS
0.30909 -0.88576 -0.34626
0 -0.8589 0.51215
0.4818 0.69033 -0.53973
0.25573 -0.84394 -0.47156
-0.4818 0.69033 -0.53973
-0.30909 -0.88576 -0.34626
0 0.95831 0.28571
-0.11054 0.97275 -0.20382
-0.20515 -0.90267 -0.37828
0.40825 -0.8165 -0.40825
0.57735 0.57735 -0.57735
-0.40825 -0.40825 -0.8165
-0.8165 0.40825 -0.40825
0.14439 0.95303 -0.26625

END
