// Converted by Obj2DatTexNorm.py Wavefront OBJ file conversion script
// (c) 2005-2013 By Giles Williams and Jens Ayton
// 
// original file: "jaguar_company_ship_splinter.obj"
// 
// model size: 14.642 x 11.605 x 34.364
// 
// materials used: ['jaguar_company_ship_splinter']
// 
NVERTS 229
NFACES 328

VERTEX
0.01964 -2.92094 12.36415
-1.37762 -2.21244 13.23495
1.41689 -2.21244 13.23495
0.00273 -2.16263 -16.40552
0 -0.3 -16.40552
-1.31514 -1.61901 -16.40552
1.31901 -1.61514 -16.40552
1.86263 -0.29727 -16.40552
1.31514 1.01901 -16.40552
-0.00273 1.56263 -16.40552
-1.31901 1.01514 -16.40552
-1.86263 -0.30273 -16.40552
0 0.12953 16.0433
0 0 16.0433
-0.09159 0.09159 16.0433
0.09159 0.09159 16.0433
0.12953 0 16.0433
0.09159 -0.09159 16.0433
0 -0.12953 16.0433
-0.09159 -0.09159 16.0433
-0.12953 0 16.0433
1.33698 3.53611 14.18402
1.41092 4.04185 13.57005
1.56591 4.09805 13.60008
-1.56591 4.09805 13.60008
-1.22777 3.59231 14.01644
-1.33698 3.53611 14.18402
-1.41092 4.04185 13.57005
1.22777 3.59231 14.01644
-0.09167 -3.32862 -16.50246
0 -3.23857 -16.50246
-0.12953 -3.23632 -16.50246
-0.00004 -3.3681 -16.50246
0.09151 -3.3317 -16.50246
0.12953 -3.24083 -16.50246
0.09167 -3.14852 -16.50246
0.00004 -3.10905 -16.50246
-0.09151 -3.14545 -16.50246
0.00273 -2.16263 -16.40552
-0.38099 -2.23867 -17.97576
0.38991 -2.2369 -17.97576
1.10145 -1.94025 -17.97576
1.31901 -1.61514 -16.40552
1.6453 -1.39389 -17.97576
1.86263 -0.29727 -16.40552
1.93867 -0.68099 -17.97576
1.9369 0.08991 -17.97576
1.64025 0.80145 -17.97576
1.31514 1.01901 -16.40552
1.09389 1.3453 -17.97576
-0.00273 1.56263 -16.40552
-1.10145 1.34025 -17.97576
-1.31901 1.01514 -16.40552
-1.6453 0.79389 -17.97576
-1.86263 -0.30273 -16.40552
-1.93867 0.08099 -17.97576
-1.9369 -0.68991 -17.97576
-1.64025 -1.40145 -17.97576
-1.31514 -1.61901 -16.40552
-1.09389 -1.9453 -17.97576
-1.33698 3.53611 14.18402
-1.22777 3.59231 14.01644
1.33698 3.53611 14.18402
1.56591 4.09805 13.60008
1.41092 4.04185 13.57005
-1.56591 4.09805 13.60008
-1.41092 4.04185 13.57005
1.22777 3.59231 14.01644
0.38099 1.63867 -17.97576
-0.38991 1.6369 -17.97576
0.1215 -0.1215 16.00548
1.41689 -2.21244 13.23495
0 -0.1727 16.00709
0.12212 -0.12212 16.38871
0.1727 0 16.00709
1.84776 -1.38985 13.96057
0.1215 0.1215 16.00548
0.12212 0.12212 16.38871
0 0.1727 16.00709
3.04575 3.55463 13.15452
1.56591 4.09805 13.60008
2.43751 5.22162 10.62599
-0.1215 -0.1215 16.00548
-0.12212 -0.12212 16.38871
-1.45705 -1.31443 13.7168
-0.1727 0 16.00709
-0.1215 0.1215 16.00548
-0.12212 0.12212 16.38871
-2.91512 3.55469 13.15452
-2.43751 5.22162 10.62599
-1.33698 3.53611 14.18402
0.1727 0 16.38871
5.00732 0.30525 10.24382
-1.37762 -2.21244 13.23495
0 -0.1727 16.38871
0 0.1727 16.38871
1.33698 3.53611 14.18402
-0.1727 0 16.38871
-4.64466 0.15196 10.44419
2.43751 5.22162 10.62599
0.26397 5.47547 -1.1896
3.58193 4.91739 7.78612
1.56591 4.09805 13.60008
0 5.72393 10.6521
-2.77001 5.36586 9.12157
-2.43751 5.22162 10.62599
-1.56591 4.09805 13.60008
0 -4.8581 -1.1896
0.01964 -2.92094 12.36415
2.04521 -2.38511 10.76657
-1.76587 -2.36619 10.55208
-6.09197 2.80973 7.75289
5.90562 2.4988 7.74257
7.41611 0.32536 -1.99347
0.12953 0 16.38871
0 0.12953 16.38871
0 -0.12953 16.38871
-0.12953 0 16.38871
2.31864 -5.37787 -14.47141
4.03534 -3.48387 -15.46994
0.00758 -5.76514 -14.01812
3.6693 -5.88111 -5.29645
5.47415 -3.98805 -6.42553
6.05375 -1.29206 -14.6542
5.6599 -0.6137 -16.16503
7.20669 -3.21624 -5.41131
6.249 1.01747 -14.54924
3.71 1.8479 -16.68966
7.15736 2.26946 -5.55095
6.17513 4.60564 -6.46349
2.52744 4.5523 -15.01023
-0.06108 3.95982 -16.43299
3.97322 3.76412 -5.70737
-3.4697 -5.11994 -13.80768
-4.71168 -3.82715 -14.76333
-6.33779 -4.62359 -6.70373
-3.6693 -5.88111 -5.29645
-5.58814 -2.62129 -14.51213
-5.58524 -0.28159 -15.7943
-7.18382 -0.06524 -1.90413
-7.08695 -2.93437 -5.61516
-6.23165 1.90277 -14.71363
-4.53589 2.96735 -16.07246
-5.85966 4.18307 -7.03892
-6.9967 1.75682 -5.53283
-2.33863 4.19605 -14.6225
-3.49389 3.40252 -6.00557
2.53643 -1.93513 10.209
4.04957 -0.62482 9.29552
3.7038 -1.75446 9.6723
6.81718 2.86044 5.6679
6.07971 3.31027 7.63991
4.69857 5.02842 7.62382
-3.90091 -0.57643 9.75345
-3.60919 -1.49317 9.98417
-2.52098 -1.99723 9.69762
-3.71973 5.32787 7.47361
-6.50609 3.90664 7.8007
-7.2259 2.05606 5.3083
-1.56591 4.09805 13.60008
-0.12228 -3.35869 -16.50246
0.12196 -3.36269 -16.50246
-0.00023 -3.41128 -16.50246
2.32817 -0.3 -17.08598
-1.62594 1.36659 -17.08981
0 2.02817 -17.0864
-2.32817 -0.3 -17.09304
0 -2.62817 -17.09262
-1.66659 -1.92594 -17.09421
-0.1727 -3.23575 -16.50246
1.66659 1.32594 -17.08482
1.62594 -1.96659 -17.08921
0.09159 0.09159 16.38871
-0.09159 0.09159 16.0433
-0.09159 0.09159 16.38871
0.09159 0.09159 16.0433
0.09159 -0.09159 16.38871
0.09159 -0.09159 16.0433
-0.09159 -0.09159 16.38871
-0.09159 -0.09159 16.0433
0 0.12953 16.0433
0.12953 0 16.0433
0 -0.12953 16.0433
-0.12953 0 16.0433
-1.41092 4.04185 13.57005
1.41092 4.04185 13.57005
-1.22777 3.59231 14.01644
1.22777 3.59231 14.01644
1.6453 -1.39389 -17.97576
1.10145 -1.94025 -17.97576
1.93867 -0.68099 -17.97576
-0.38099 -2.23867 -17.97576
0.38991 -2.2369 -17.97576
0.1727 -3.2414 -16.50246
-1.09389 -1.9453 -17.97576
-1.93867 0.08099 -17.97576
-1.9369 -0.68991 -17.97576
-1.64025 -1.40145 -17.97576
-1.6453 0.79389 -17.97576
0.38099 1.63867 -17.97576
-0.38991 1.6369 -17.97576
-1.10145 1.34025 -17.97576
1.09389 1.3453 -17.97576
1.9369 0.08991 -17.97576
1.64025 0.80145 -17.97576
-0.12228 -3.35869 -16.88408
0.12196 -3.36269 -16.88408
-0.00023 -3.41128 -16.88408
-0.1727 -3.23575 -16.88408
0.12228 -3.11845 -16.88408
0.1727 -3.2414 -16.88408
-0.09167 -3.32862 -16.50246
-0.00004 -3.3681 -16.88408
-0.00004 -3.3681 -16.50246
-0.12953 -3.23632 -16.88408
-0.09167 -3.32862 -16.88408
0.09151 -3.3317 -16.50246
0.09151 -3.3317 -16.88408
0.12953 -3.24083 -16.88408
0.12953 -3.24083 -16.50246
0.09167 -3.14852 -16.50246
0.09167 -3.14852 -16.88408
0.00004 -3.10905 -16.88408
0.00004 -3.10905 -16.50246
-0.09151 -3.14545 -16.50246
-0.09151 -3.14545 -16.88408
-0.12953 -3.23632 -16.50246
-0.12196 -3.11446 -16.88408
0.00023 -3.06587 -16.88408

FACES
0 0 0	0 0 0	3	0 1 2
0 0 0	0 0 0	3	3 4 5
0 0 0	0 0 0	3	6 4 3
0 0 0	0 0 0	3	7 4 6
0 0 0	0 0 0	3	8 4 7
0 0 0	0 0 0	3	9 4 8
0 0 0	0 0 0	3	10 4 9
0 0 0	0 0 0	3	11 4 10
0 0 0	0 0 0	3	5 4 11
0 0 0	0 0 0	3	12 13 14
0 0 0	0 0 0	3	15 13 12
0 0 0	0 0 0	3	16 13 15
0 0 0	0 0 0	3	17 13 16
0 0 0	0 0 0	3	18 13 17
0 0 0	0 0 0	3	19 13 18
0 0 0	0 0 0	3	20 13 19
0 0 0	0 0 0	3	14 13 20
0 0 0	0 0 0	3	21 22 23
0 0 0	0 0 0	3	24 25 26
0 0 0	0 0 0	3	25 24 27
0 0 0	0 0 0	3	22 21 28
0 0 0	0 0 0	3	29 30 31
0 0 0	0 0 0	3	32 30 29
0 0 0	0 0 0	3	33 30 32
0 0 0	0 0 0	3	34 30 33
0 0 0	0 0 0	3	35 30 34
0 0 0	0 0 0	3	36 30 35
0 0 0	0 0 0	3	37 30 36
0 0 0	0 0 0	3	31 30 37
0 0 0	0 0 0	3	38 39 40
0 0 0	0 0 0	3	38 41 42
0 0 0	0 0 0	3	42 43 44
0 0 0	0 0 0	3	44 45 46
0 0 0	0 0 0	3	44 47 48
0 0 0	0 0 0	3	48 49 50
0 0 0	0 0 0	3	50 51 52
0 0 0	0 0 0	3	52 53 54
0 0 0	0 0 0	3	54 55 56
0 0 0	0 0 0	3	54 57 58
0 0 0	0 0 0	3	58 59 38
0 0 0	0 0 0	3	60 61 62
0 0 0	0 0 0	3	63 64 65
0 0 0	0 0 0	3	66 65 64
0 0 0	0 0 0	3	67 62 61
0 0 0	0 0 0	3	39 38 59
0 0 0	0 0 0	3	40 41 38
0 0 0	0 0 0	3	41 43 42
0 0 0	0 0 0	3	55 54 53
0 0 0	0 0 0	3	56 57 54
0 0 0	0 0 0	3	57 59 58
0 0 0	0 0 0	3	68 50 49
0 0 0	0 0 0	3	69 50 68
0 0 0	0 0 0	3	51 50 69
0 0 0	0 0 0	3	51 53 52
0 0 0	0 0 0	3	45 44 43
0 0 0	0 0 0	3	46 47 44
0 0 0	0 0 0	3	47 49 48
0 0 0	0 0 0	3	70 71 72
0 0 0	0 0 0	3	70 73 74
0 0 0	0 0 0	3	70 75 71
0 0 0	0 0 0	3	76 77 78
0 0 0	0 0 0	3	76 79 74
0 0 0	0 0 0	3	76 80 81
0 0 0	0 0 0	3	82 83 72
0 0 0	0 0 0	3	82 84 85
0 0 0	0 0 0	3	86 87 85
0 0 0	0 0 0	3	86 88 89
0 0 0	0 0 0	3	86 90 78
0 0 0	0 0 0	3	74 73 91
0 0 0	0 0 0	3	74 77 76
0 0 0	0 0 0	3	74 79 92
0 0 0	0 0 0	3	74 75 70
0 0 0	0 0 0	3	72 71 93
0 0 0	0 0 0	3	72 93 82
0 0 0	0 0 0	3	72 73 70
0 0 0	0 0 0	3	72 83 94
0 0 0	0 0 0	3	78 77 95
0 0 0	0 0 0	3	78 87 86
0 0 0	0 0 0	3	78 90 96
0 0 0	0 0 0	3	78 96 76
0 0 0	0 0 0	3	85 83 82
0 0 0	0 0 0	3	85 87 97
0 0 0	0 0 0	3	85 84 98
0 0 0	0 0 0	3	85 88 86
0 0 0	0 0 0	3	99 79 76
0 0 0	0 0 0	3	99 100 101
0 0 0	0 0 0	3	99 102 103
0 0 0	0 0 0	3	89 88 104
0 0 0	0 0 0	3	89 100 103
0 0 0	0 0 0	3	105 106 86
0 0 0	0 0 0	3	71 107 108
0 0 0	0 0 0	3	71 75 109
0 0 0	0 0 0	3	93 84 82
0 0 0	0 0 0	3	93 107 110
0 0 0	0 0 0	3	111 88 98
0 0 0	0 0 0	3	112 113 92
0 0 0	0 0 0	3	73 114 91
0 0 0	0 0 0	3	77 115 95
0 0 0	0 0 0	3	83 116 94
0 0 0	0 0 0	3	87 117 97
0 0 0	0 0 0	3	91 77 74
0 0 0	0 0 0	3	91 114 77
0 0 0	0 0 0	3	94 73 72
0 0 0	0 0 0	3	94 116 73
0 0 0	0 0 0	3	95 87 78
0 0 0	0 0 0	3	95 115 87
0 0 0	0 0 0	3	97 83 85
0 0 0	0 0 0	3	97 117 83
0 0 0	0 0 0	3	118 119 120
0 0 0	0 0 0	3	118 107 121
0 0 0	0 0 0	3	118 122 119
0 0 0	0 0 0	3	123 113 124
0 0 0	0 0 0	3	123 122 125
0 0 0	0 0 0	3	126 127 124
0 0 0	0 0 0	3	126 113 128
0 0 0	0 0 0	3	126 129 127
0 0 0	0 0 0	3	130 100 131
0 0 0	0 0 0	3	130 129 132
0 0 0	0 0 0	3	133 120 134
0 0 0	0 0 0	3	133 107 120
0 0 0	0 0 0	3	133 135 136
0 0 0	0 0 0	3	137 134 138
0 0 0	0 0 0	3	137 139 140
0 0 0	0 0 0	3	137 135 134
0 0 0	0 0 0	3	141 138 142
0 0 0	0 0 0	3	141 139 138
0 0 0	0 0 0	3	141 143 144
0 0 0	0 0 0	3	145 142 131
0 0 0	0 0 0	3	145 100 146
0 0 0	0 0 0	3	145 143 142
0 0 0	0 0 0	3	147 107 109
0 0 0	0 0 0	3	147 122 121
0 0 0	0 0 0	3	148 113 125
0 0 0	0 0 0	3	148 122 149
0 0 0	0 0 0	3	150 112 151
0 0 0	0 0 0	3	150 129 128
0 0 0	0 0 0	3	152 79 101
0 0 0	0 0 0	3	152 151 79
0 0 0	0 0 0	3	152 100 132
0 0 0	0 0 0	3	152 129 151
0 0 0	0 0 0	3	153 84 154
0 0 0	0 0 0	3	153 98 84
0 0 0	0 0 0	3	153 135 140
0 0 0	0 0 0	3	84 110 155
0 0 0	0 0 0	3	155 154 84
0 0 0	0 0 0	3	155 107 136
0 0 0	0 0 0	3	155 135 154
0 0 0	0 0 0	3	156 104 88
0 0 0	0 0 0	3	156 100 104
0 0 0	0 0 0	3	156 143 146
0 0 0	0 0 0	3	88 111 157
0 0 0	0 0 0	3	88 157 156
0 0 0	0 0 0	3	158 139 144
0 0 0	0 0 0	3	158 143 157
0 0 0	0 0 0	3	103 100 99
0 0 0	0 0 0	3	103 159 89
0 0 0	0 0 0	3	103 102 159
0 0 0	0 0 0	3	104 100 89
0 0 0	0 0 0	3	108 107 93
0 0 0	0 0 0	3	110 84 93
0 0 0	0 0 0	3	110 107 155
0 0 0	0 0 0	3	98 88 85
0 0 0	0 0 0	3	98 158 111
0 0 0	0 0 0	3	98 140 139
0 0 0	0 0 0	3	92 79 112
0 0 0	0 0 0	3	92 75 74
0 0 0	0 0 0	3	120 107 118
0 0 0	0 0 0	3	120 160 134
0 0 0	0 0 0	3	120 161 162
0 0 0	0 0 0	3	124 127 163
0 0 0	0 0 0	3	124 119 123
0 0 0	0 0 0	3	124 113 126
0 0 0	0 0 0	3	131 127 130
0 0 0	0 0 0	3	131 100 145
0 0 0	0 0 0	3	131 164 165
0 0 0	0 0 0	3	138 134 166
0 0 0	0 0 0	3	138 139 137
0 0 0	0 0 0	3	109 107 71
0 0 0	0 0 0	3	109 75 147
0 0 0	0 0 0	3	101 79 99
0 0 0	0 0 0	3	101 100 152
0 0 0	0 0 0	3	140 98 153
0 0 0	0 0 0	3	140 135 137
0 0 0	0 0 0	3	128 113 150
0 0 0	0 0 0	3	128 129 126
0 0 0	0 0 0	3	142 143 141
0 0 0	0 0 0	3	142 166 164
0 0 0	0 0 0	3	134 135 133
0 0 0	0 0 0	3	134 167 168
0 0 0	0 0 0	3	134 169 167
0 0 0	0 0 0	3	134 160 169
0 0 0	0 0 0	3	144 139 141
0 0 0	0 0 0	3	144 143 158
0 0 0	0 0 0	3	136 107 133
0 0 0	0 0 0	3	136 135 155
0 0 0	0 0 0	3	121 107 147
0 0 0	0 0 0	3	121 122 118
0 0 0	0 0 0	3	125 113 123
0 0 0	0 0 0	3	125 122 148
0 0 0	0 0 0	3	146 100 156
0 0 0	0 0 0	3	146 143 145
0 0 0	0 0 0	3	132 100 130
0 0 0	0 0 0	3	132 129 152
0 0 0	0 0 0	3	127 131 170
0 0 0	0 0 0	3	127 129 130
0 0 0	0 0 0	3	119 122 123
0 0 0	0 0 0	3	119 163 171
0 0 0	0 0 0	3	119 161 120
0 0 0	0 0 0	3	149 122 147
0 0 0	0 0 0	3	149 75 148
0 0 0	0 0 0	3	151 112 79
0 0 0	0 0 0	3	151 129 150
0 0 0	0 0 0	3	154 135 153
0 0 0	0 0 0	3	157 111 158
0 0 0	0 0 0	3	157 143 156
0 0 0	0 0 0	3	139 158 98
0 0 0	0 0 0	3	113 112 150
0 0 0	0 0 0	3	113 148 92
0 0 0	0 0 0	3	75 92 148
0 0 0	0 0 0	3	75 149 147
0 0 0	0 0 0	3	115 77 172
0 0 0	0 0 0	3	115 173 174
0 0 0	0 0 0	3	172 77 114
0 0 0	0 0 0	3	172 175 115
0 0 0	0 0 0	3	114 73 176
0 0 0	0 0 0	3	114 175 172
0 0 0	0 0 0	3	176 73 116
0 0 0	0 0 0	3	176 177 114
0 0 0	0 0 0	3	116 83 178
0 0 0	0 0 0	3	116 177 176
0 0 0	0 0 0	3	178 83 117
0 0 0	0 0 0	3	178 179 116
0 0 0	0 0 0	3	117 87 174
0 0 0	0 0 0	3	117 179 178
0 0 0	0 0 0	3	174 87 115
0 0 0	0 0 0	3	174 173 117
0 0 0	0 0 0	3	180 115 175
0 0 0	0 0 0	3	180 173 115
0 0 0	0 0 0	3	175 114 181
0 0 0	0 0 0	3	181 114 177
0 0 0	0 0 0	3	177 116 182
0 0 0	0 0 0	3	182 116 179
0 0 0	0 0 0	3	179 117 183
0 0 0	0 0 0	3	183 117 173
0 0 0	0 0 0	3	90 86 106
0 0 0	0 0 0	3	80 76 96
0 0 0	0 0 0	3	184 185 186
0 0 0	0 0 0	3	187 186 185
0 0 0	0 0 0	3	188 189 171
0 0 0	0 0 0	3	188 163 190
0 0 0	0 0 0	3	171 167 119
0 0 0	0 0 0	3	171 163 188
0 0 0	0 0 0	3	191 167 192
0 0 0	0 0 0	3	192 167 189
0 0 0	0 0 0	3	189 167 171
0 0 0	0 0 0	3	167 193 119
0 0 0	0 0 0	3	194 167 191
0 0 0	0 0 0	3	168 167 194
0 0 0	0 0 0	3	168 166 134
0 0 0	0 0 0	3	195 166 196
0 0 0	0 0 0	3	196 166 197
0 0 0	0 0 0	3	197 168 194
0 0 0	0 0 0	3	197 166 168
0 0 0	0 0 0	3	166 142 138
0 0 0	0 0 0	3	198 166 195
0 0 0	0 0 0	3	164 131 142
0 0 0	0 0 0	3	164 166 198
0 0 0	0 0 0	3	199 165 200
0 0 0	0 0 0	3	200 165 201
0 0 0	0 0 0	3	201 164 198
0 0 0	0 0 0	3	165 164 201
0 0 0	0 0 0	3	165 170 131
0 0 0	0 0 0	3	202 165 199
0 0 0	0 0 0	3	170 165 202
0 0 0	0 0 0	3	170 163 127
0 0 0	0 0 0	3	190 163 203
0 0 0	0 0 0	3	203 163 204
0 0 0	0 0 0	3	204 170 202
0 0 0	0 0 0	3	204 163 170
0 0 0	0 0 0	3	163 119 124
0 0 0	0 0 0	3	162 160 120
0 0 0	0 0 0	3	162 205 160
0 0 0	0 0 0	3	162 206 207
0 0 0	0 0 0	3	169 205 208
0 0 0	0 0 0	3	193 167 209
0 0 0	0 0 0	3	193 161 119
0 0 0	0 0 0	3	193 209 210
0 0 0	0 0 0	3	193 206 161
0 0 0	0 0 0	3	160 205 169
0 0 0	0 0 0	3	161 206 162
0 0 0	0 0 0	3	211 212 213
0 0 0	0 0 0	3	211 214 215
0 0 0	0 0 0	3	213 212 216
0 0 0	0 0 0	3	216 212 217
0 0 0	0 0 0	3	216 218 219
0 0 0	0 0 0	3	219 218 220
0 0 0	0 0 0	3	220 218 221
0 0 0	0 0 0	3	220 222 223
0 0 0	0 0 0	3	223 222 224
0 0 0	0 0 0	3	224 222 225
0 0 0	0 0 0	3	224 214 226
0 0 0	0 0 0	3	226 214 211
0 0 0	0 0 0	3	207 205 162
0 0 0	0 0 0	3	207 206 212
0 0 0	0 0 0	3	208 205 214
0 0 0	0 0 0	3	208 227 169
0 0 0	0 0 0	3	228 167 227
0 0 0	0 0 0	3	228 227 222
0 0 0	0 0 0	3	210 209 218
0 0 0	0 0 0	3	210 206 193
0 0 0	0 0 0	3	205 212 215
0 0 0	0 0 0	3	227 167 169
0 0 0	0 0 0	3	227 214 225
0 0 0	0 0 0	3	209 167 228
0 0 0	0 0 0	3	209 222 221
0 0 0	0 0 0	3	206 218 217
0 0 0	0 0 0	3	215 212 211
0 0 0	0 0 0	3	215 214 205
0 0 0	0 0 0	3	212 205 207
0 0 0	0 0 0	3	217 212 206
0 0 0	0 0 0	3	217 218 216
0 0 0	0 0 0	3	218 206 210
0 0 0	0 0 0	3	221 218 209
0 0 0	0 0 0	3	221 222 220
0 0 0	0 0 0	3	222 209 228
0 0 0	0 0 0	3	225 222 227
0 0 0	0 0 0	3	225 214 224
0 0 0	0 0 0	3	214 227 208

TEXTURES
0	1.0 1.0	0.64016 0.50021	0.61611 0.51674	0.66475 0.51674
0	1.0 1.0	0.13786 0.12674	0.13781 0.09256	0.11367 0.11677
0	1.0 1.0	0.16201 0.1167	0.13781 0.09256	0.13786 0.12674
0	1.0 1.0	0.17199 0.09251	0.13781 0.09256	0.16201 0.1167
0	1.0 1.0	0.16194 0.06835	0.13781 0.09256	0.17199 0.09251
0	1.0 1.0	0.13776 0.05837	0.13781 0.09256	0.16194 0.06835
0	1.0 1.0	0.1136 0.06842	0.13781 0.09256	0.13776 0.05837
0	1.0 1.0	0.10362 0.09261	0.13781 0.09256	0.1136 0.06842
0	1.0 1.0	0.11367 0.11677	0.13781 0.09256	0.10362 0.09261
0	1.0 1.0	0.71905 0.60936	0.71905 0.62712	0.73161 0.61456
0	1.0 1.0	0.70649 0.61456	0.71905 0.62712	0.71905 0.60936
0	1.0 1.0	0.70129 0.62712	0.71905 0.62712	0.70649 0.61456
0	1.0 1.0	0.70649 0.63968	0.71905 0.62712	0.70129 0.62712
0	1.0 1.0	0.71905 0.64488	0.71905 0.62712	0.70649 0.63968
0	1.0 1.0	0.73161 0.63968	0.71905 0.62712	0.71905 0.64488
0	1.0 1.0	0.73681 0.62712	0.71905 0.62712	0.73161 0.63968
0	1.0 1.0	0.73161 0.61456	0.71905 0.62712	0.73681 0.62712
0	1.0 1.0	0.26852 0.31064	0.26257 0.25235	0.25031 0.25163
0	1.0 1.0	0.52697 0.25093	0.49976 0.29765	0.50876 0.30994
0	1.0 1.0	0.49976 0.29765	0.52697 0.25093	0.51471 0.25165
0	1.0 1.0	0.26257 0.25235	0.26852 0.31064	0.27752 0.29835
0	1.0 1.0	0.04811 0.3403	0.05814 0.33045	0.04397 0.33021
0	1.0 1.0	0.05813 0.34462	0.05814 0.33045	0.04811 0.3403
0	1.0 1.0	0.06815 0.34064	0.05814 0.33045	0.05813 0.34462
0	1.0 1.0	0.07231 0.3307	0.05814 0.33045	0.06815 0.34064
0	1.0 1.0	0.06817 0.3206	0.05814 0.33045	0.07231 0.3307
0	1.0 1.0	0.05814 0.31628	0.05814 0.33045	0.06817 0.3206
0	1.0 1.0	0.04813 0.32026	0.05814 0.33045	0.05814 0.31628
0	1.0 1.0	0.04397 0.33021	0.05814 0.33045	0.04813 0.32026
0	1.0 1.0	0.34078 0.1924	0.34764 0.16511	0.33429 0.16511
0	1.0 1.0	0.34078 0.1924	0.32246 0.16576	0.3189 0.1936
0	1.0 1.0	0.38843 0.17794	0.41621 0.17354	0.38932 0.15417
0	1.0 1.0	0.38932 0.15417	0.4167 0.16068	0.41653 0.14733
0	1.0 1.0	0.38932 0.15417	0.41573 0.13551	0.38785 0.1323
0	1.0 1.0	0.36622 0.14834	0.36217 0.1205	0.34246 0.14715
0	1.0 1.0	0.34246 0.14715	0.32413 0.12051	0.32058 0.14835
0	1.0 1.0	0.3045 0.13427	0.27671 0.13866	0.3036 0.15804
0	1.0 1.0	0.3036 0.15804	0.27623 0.15152	0.2764 0.16487
0	1.0 1.0	0.3036 0.15804	0.2772 0.17669	0.30507 0.1799
0	1.0 1.0	0.36454 0.19359	0.36049 0.16575	0.34078 0.1924
0	1.0 1.0	0.48693 0.33207	0.47892 0.31911	0.29082 0.33207
0	1.0 1.0	0.27162 0.21653	0.28299 0.23244	0.50132 0.21653
0	1.0 1.0	0.48995 0.23244	0.50132 0.21653	0.28299 0.23244
0	1.0 1.0	0.29883 0.31911	0.29082 0.33207	0.47892 0.31911
0	1.0 1.0	0.34764 0.16511	0.34078 0.1924	0.36049 0.16575
0	1.0 1.0	0.33429 0.16511	0.32246 0.16576	0.34078 0.1924
0	1.0 1.0	0.41515 0.18395	0.41621 0.17354	0.38843 0.17794
0	1.0 1.0	0.27623 0.15152	0.3036 0.15804	0.27671 0.13866
0	1.0 1.0	0.2764 0.16487	0.2772 0.17669	0.3036 0.15804
0	1.0 1.0	0.37088 0.16694	0.36049 0.16575	0.36454 0.19359
0	1.0 1.0	0.34931 0.11986	0.34246 0.14715	0.36217 0.1205
0	1.0 1.0	0.33596 0.11986	0.34246 0.14715	0.34931 0.11986
0	1.0 1.0	0.32413 0.12051	0.34246 0.14715	0.33596 0.11986
0	1.0 1.0	0.27777 0.12826	0.27671 0.13866	0.3045 0.13427
0	1.0 1.0	0.4167 0.16068	0.38932 0.15417	0.41621 0.17354
0	1.0 1.0	0.41653 0.14733	0.41573 0.13551	0.38932 0.15417
0	1.0 1.0	0.37256 0.12169	0.36217 0.1205	0.36622 0.14834
0	1.0 1.0	0.64298 0.56898	0.66475 0.51674	0.64084 0.5689
0	1.0 1.0	0.59106 0.83808	0.64224 0.83816	0.59129 0.82186
0	1.0 1.0	0.64298 0.56898	0.67258 0.53099	0.66475 0.51674
0	1.0 1.0	0.65361 0.76271	0.65353 0.81388	0.66984 0.76293
0	1.0 1.0	0.85035 0.76084	0.80154 0.68878	0.84934 0.76187
0	1.0 1.0	0.83102 0.58192	0.78841 0.50867	0.73566 0.48604
0	1.0 1.0	0.65455 0.82955	0.65446 0.88073	0.67077 0.82977
0	1.0 1.0	0.06928 0.69549	0.11183 0.71264	0.06932 0.69326
0	1.0 1.0	0.74969 0.8062	0.69852 0.80612	0.74947 0.82243
0	1.0 1.0	0.87547 0.7648	0.91429 0.69359	0.90465 0.64121
0	1.0 1.0	0.86504 0.70947	0.89582 0.61149	0.86197 0.70835
0	1.0 1.0	0.59129 0.82186	0.64224 0.83816	0.64225 0.82186
0	1.0 1.0	0.59129 0.82186	0.64224 0.80555	0.59106 0.80563
0	1.0 1.0	0.58839 0.51838	0.53486 0.4529	0.48094 0.50675
0	1.0 1.0	0.58839 0.51838	0.55013 0.54032	0.58843 0.52056
0	1.0 1.0	0.64084 0.5689	0.66475 0.51674	0.61611 0.51674
0	1.0 1.0	0.64084 0.5689	0.61611 0.51674	0.63875 0.56898
0	1.0 1.0	0.67077 0.82977	0.68708 0.88073	0.687 0.82955
0	1.0 1.0	0.67077 0.82977	0.65446 0.88073	0.67077 0.88073
0	1.0 1.0	0.66984 0.76293	0.65353 0.81388	0.66984 0.81389
0	1.0 1.0	0.66984 0.76293	0.68615 0.81388	0.68606 0.76271
0	1.0 1.0	0.86197 0.70835	0.89582 0.61149	0.82812 0.61149
0	1.0 1.0	0.86197 0.70835	0.82812 0.61149	0.85889 0.70947
0	1.0 1.0	0.74947 0.82243	0.69852 0.83873	0.74969 0.83865
0	1.0 1.0	0.74947 0.82243	0.69852 0.80612	0.69851 0.82243
0	1.0 1.0	0.06932 0.69326	0.11183 0.71264	0.17426 0.67926
0	1.0 1.0	0.87682 0.76577	0.91429 0.69359	0.87547 0.7648
0	1.0 1.0	0.81242 0.63625	0.80154 0.68878	0.85035 0.76084
0	1.0 1.0	0.82222 0.4973	0.85934 0.29225	0.8024 0.44761
0	1.0 1.0	0.82222 0.4973	0.8383 0.54774	0.86429 0.49831
0	1.0 1.0	0.90465 0.64121	0.91429 0.69359	0.91273 0.61668
0	1.0 1.0	0.90704 0.4973	0.85934 0.29225	0.86429 0.49831
0	1.0 1.0	0.98749 0.49252	0.93474 0.51515	0.89213 0.58841
0	1.0 1.0	0.66475 0.51674	0.63969 0.26186	0.64016 0.50021
0	1.0 1.0	0.66475 0.51674	0.67258 0.53099	0.67575 0.4737
0	1.0 1.0	0.61611 0.51674	0.6151 0.52693	0.63875 0.56898
0	1.0 1.0	0.61611 0.51674	0.63969 0.26186	0.60943 0.47003
0	1.0 1.0	0.22289 0.62979	0.12301 0.62505	0.17426 0.67926
0	1.0 1.0	0.43642 0.46749	0.26496 0.50325	0.48094 0.50675
0	1.0 1.0	0.69443 0.6517	0.69292 0.62692	0.68416 0.62692
0	1.0 1.0	0.69443 0.60214	0.71921 0.60064	0.71921 0.59188
0	1.0 1.0	0.74398 0.6517	0.71921 0.6532	0.71921 0.66196
0	1.0 1.0	0.74398 0.60214	0.74549 0.62692	0.75425 0.62692
0	1.0 1.0	0.64225 0.82186	0.64224 0.80555	0.59129 0.82186
0	1.0 1.0	0.68416 0.62692	0.69292 0.62692	0.69443 0.60214
0	1.0 1.0	0.67077 0.88073	0.68708 0.88073	0.67077 0.82977
0	1.0 1.0	0.71921 0.66196	0.71921 0.6532	0.69443 0.6517
0	1.0 1.0	0.66984 0.81389	0.68615 0.81388	0.66984 0.76293
0	1.0 1.0	0.71921 0.59188	0.71921 0.60064	0.74398 0.60214
0	1.0 1.0	0.69851 0.82243	0.69852 0.83873	0.74947 0.82243
0	1.0 1.0	0.75425 0.62692	0.74549 0.62692	0.74398 0.6517
0	1.0 1.0	0.68052 0.03116	0.71129 0.01784	0.6401 0.0382
0	1.0 1.0	0.68052 0.03116	0.63969 0.26186	0.70332 0.18874
0	1.0 1.0	0.68052 0.03116	0.73564 0.17315	0.71129 0.01784
0	1.0 1.0	0.04733 0.53312	0.26496 0.50325	0.02183 0.52186
0	1.0 1.0	0.04733 0.53312	0.19062 0.58069	0.2056 0.56502
0	1.0 1.0	0.04912 0.49276	0.01606 0.48167	0.02183 0.52186
0	1.0 1.0	0.04912 0.49276	0.26496 0.50325	0.2039 0.46983
0	1.0 1.0	0.04912 0.49276	0.18988 0.43056	0.01606 0.48167
0	1.0 1.0	0.82 0.05106	0.85934 0.29225	0.86538 0.02568
0	1.0 1.0	0.82 0.05106	0.75687 0.19964	0.7958 0.21186
0	1.0 1.0	0.57984 0.04318	0.6401 0.0382	0.55885 0.02934
0	1.0 1.0	0.57984 0.04318	0.63969 0.26186	0.6401 0.0382
0	1.0 1.0	0.57984 0.04318	0.52976 0.16702	0.57558 0.18874
0	1.0 1.0	0.60865 0.72463	0.61163 0.74763	0.63015 0.68433
0	1.0 1.0	0.60865 0.72463	0.39292 0.67654	0.45776 0.7262
0	1.0 1.0	0.60865 0.72463	0.47562 0.75721	0.61163 0.74763
0	1.0 1.0	0.01515 0.06373	0.0304 0.09813	0.04899 0.03755
0	1.0 1.0	0.61209 0.64506	0.39292 0.67654	0.63015 0.68433
0	1.0 1.0	0.61209 0.64506	0.47793 0.60673	0.4548 0.64563
0	1.0 1.0	0.90492 0.05741	0.94394 0.03086	0.86538 0.02568
0	1.0 1.0	0.90492 0.05741	0.85934 0.29225	0.92596 0.20628
0	1.0 1.0	0.90492 0.05741	0.96653 0.18918	0.94394 0.03086
0	1.0 1.0	0.68452 0.465	0.63969 0.26186	0.67575 0.4737
0	1.0 1.0	0.68452 0.465	0.73564 0.17315	0.70332 0.18874
0	1.0 1.0	0.46588 0.52416	0.26496 0.50325	0.2056 0.56502
0	1.0 1.0	0.46588 0.52416	0.19062 0.58069	0.47282 0.54422
0	1.0 1.0	0.39906 0.46002	0.43642 0.46749	0.43446 0.45317
0	1.0 1.0	0.39906 0.46002	0.18988 0.43056	0.2039 0.46983
0	1.0 1.0	0.77125 0.59183	0.80154 0.68878	0.79062 0.59523
0	1.0 1.0	0.43654 0.42515	0.43446 0.45317	0.53486 0.4529
0	1.0 1.0	0.78289 0.44491	0.85934 0.29225	0.7958 0.21186
0	1.0 1.0	0.43654 0.42515	0.18988 0.43056	0.43446 0.45317
0	1.0 1.0	0.18497 0.6937	0.11183 0.71264	0.18067 0.71023
0	1.0 1.0	0.18497 0.6937	0.17426 0.67926	0.11183 0.71264
0	1.0 1.0	0.18497 0.6937	0.47562 0.75721	0.45776 0.7262
0	1.0 1.0	0.6151 0.52693	0.60943 0.47003	0.59649 0.45603
0	1.0 1.0	0.59649 0.45603	0.57775 0.46203	0.6151 0.52693
0	1.0 1.0	0.59649 0.45603	0.63969 0.26186	0.57558 0.18874
0	1.0 1.0	0.59649 0.45603	0.52976 0.16702	0.57775 0.46203
0	1.0 1.0	0.93222 0.59134	0.91273 0.61668	0.91429 0.69359
0	1.0 1.0	0.92914 0.44263	0.85934 0.29225	0.91266 0.47131
0	1.0 1.0	0.92914 0.44263	0.96653 0.18918	0.92596 0.20628
0	1.0 1.0	0.12301 0.62505	0.22289 0.62979	0.22255 0.60984
0	1.0 1.0	0.91429 0.69359	0.98416 0.60755	0.93222 0.59134
0	1.0 1.0	0.26761 0.63989	0.39292 0.67654	0.4548 0.64563
0	1.0 1.0	0.26761 0.63989	0.47793 0.60673	0.22255 0.60984
0	1.0 1.0	0.86429 0.49831	0.85934 0.29225	0.82222 0.4973
0	1.0 1.0	0.86429 0.49831	0.89279 0.54774	0.90704 0.4973
0	1.0 1.0	0.86429 0.49831	0.8383 0.54774	0.89279 0.54774
0	1.0 1.0	0.91266 0.47131	0.85934 0.29225	0.90704 0.4973
0	1.0 1.0	0.64016 0.50021	0.63969 0.26186	0.61611 0.51674
0	1.0 1.0	0.60943 0.47003	0.6151 0.52693	0.61611 0.51674
0	1.0 1.0	0.60943 0.47003	0.63969 0.26186	0.59649 0.45603
0	1.0 1.0	0.17426 0.67926	0.12301 0.62505	0.06932 0.69326
0	1.0 1.0	0.17426 0.67926	0.26761 0.63989	0.22289 0.62979
0	1.0 1.0	0.17426 0.67926	0.45776 0.7262	0.39292 0.67654
0	1.0 1.0	0.48094 0.50675	0.53486 0.4529	0.43642 0.46749
0	1.0 1.0	0.48094 0.50675	0.55013 0.54032	0.58839 0.51838
0	1.0 1.0	0.6401 0.0382	0.63969 0.26186	0.68052 0.03116
0	1.0 1.0	0.135 0.20689	0.13593 0.15065	0.04671 0.16786
0	1.0 1.0	0.135 0.20689	0.14052 0.15072	0.13825 0.15161
0	1.0 1.0	0.24257 0.10233	0.20565 0.05486	0.18151 0.09201
0	1.0 1.0	0.02183 0.52186	0.03608 0.57382	0.04733 0.53312
0	1.0 1.0	0.02183 0.52186	0.26496 0.50325	0.04912 0.49276
0	1.0 1.0	0.86538 0.02568	0.80123 0.0189	0.82 0.05106
0	1.0 1.0	0.86538 0.02568	0.85934 0.29225	0.90492 0.05741
0	1.0 1.0	0.13324 0.01767	0.10636 0.06163	0.13658 0.0496
0	1.0 1.0	0.0304 0.09813	0.04671 0.16786	0.09402 0.09198
0	1.0 1.0	0.63015 0.68433	0.39292 0.67654	0.60865 0.72463
0	1.0 1.0	0.67575 0.4737	0.63969 0.26186	0.66475 0.51674
0	1.0 1.0	0.67575 0.4737	0.67258 0.53099	0.68452 0.465
0	1.0 1.0	0.79062 0.59523	0.80154 0.68878	0.81242 0.63625
0	1.0 1.0	0.8024 0.44761	0.85934 0.29225	0.78289 0.44491
0	1.0 1.0	0.45776 0.7262	0.17426 0.67926	0.18497 0.6937
0	1.0 1.0	0.45776 0.7262	0.47562 0.75721	0.60865 0.72463
0	1.0 1.0	0.2039 0.46983	0.26496 0.50325	0.39906 0.46002
0	1.0 1.0	0.2039 0.46983	0.18988 0.43056	0.04912 0.49276
0	1.0 1.0	0.94394 0.03086	0.96653 0.18918	0.97425 0.0533
0	1.0 1.0	0.04899 0.03755	0.09402 0.09198	0.10636 0.06163
0	1.0 1.0	0.55885 0.02934	0.52976 0.16702	0.57984 0.04318
0	1.0 1.0	0.04671 0.16786	0.13895 0.13439	0.10727 0.12159
0	1.0 1.0	0.04671 0.16786	0.13492 0.14841	0.13895 0.13439
0	1.0 1.0	0.04671 0.16786	0.13593 0.15065	0.13492 0.14841
0	1.0 1.0	0.4548 0.64563	0.39292 0.67654	0.61209 0.64506
0	1.0 1.0	0.4548 0.64563	0.47793 0.60673	0.26761 0.63989
0	1.0 1.0	0.57558 0.18874	0.63969 0.26186	0.57984 0.04318
0	1.0 1.0	0.57558 0.18874	0.52976 0.16702	0.59649 0.45603
0	1.0 1.0	0.70332 0.18874	0.63969 0.26186	0.68452 0.465
0	1.0 1.0	0.70332 0.18874	0.73564 0.17315	0.68052 0.03116
0	1.0 1.0	0.2056 0.56502	0.26496 0.50325	0.04733 0.53312
0	1.0 1.0	0.2056 0.56502	0.19062 0.58069	0.46588 0.52416
0	1.0 1.0	0.92596 0.20628	0.85934 0.29225	0.92914 0.44263
0	1.0 1.0	0.92596 0.20628	0.96653 0.18918	0.90492 0.05741
0	1.0 1.0	0.7958 0.21186	0.85934 0.29225	0.82 0.05106
0	1.0 1.0	0.7958 0.21186	0.75687 0.19964	0.78289 0.44491
0	1.0 1.0	0.20565 0.05486	0.13324 0.01767	0.16825 0.0624
0	1.0 1.0	0.80123 0.0189	0.75687 0.19964	0.82 0.05106
0	1.0 1.0	0.03608 0.57382	0.19062 0.58069	0.04733 0.53312
0	1.0 1.0	0.21221 0.15808	0.18151 0.09201	0.16916 0.12236
0	1.0 1.0	0.21221 0.15808	0.14052 0.15072	0.135 0.20689
0	1.0 1.0	0.70495 0.4561	0.73564 0.17315	0.68452 0.465
0	1.0 1.0	0.47282 0.54422	0.55013 0.54032	0.46588 0.52416
0	1.0 1.0	0.43446 0.45317	0.43642 0.46749	0.53486 0.4529
0	1.0 1.0	0.43446 0.45317	0.18988 0.43056	0.39906 0.46002
0	1.0 1.0	0.18067 0.71023	0.47562 0.75721	0.18497 0.6937
0	1.0 1.0	0.22255 0.60984	0.22289 0.62979	0.26761 0.63989
0	1.0 1.0	0.97862 0.44675	0.96653 0.18918	0.92914 0.44263
0	1.0 1.0	0.39292 0.67654	0.26761 0.63989	0.17426 0.67926
0	1.0 1.0	0.26496 0.50325	0.43642 0.46749	0.39906 0.46002
0	1.0 1.0	0.26496 0.50325	0.46588 0.52416	0.48094 0.50675
0	1.0 1.0	0.55013 0.54032	0.48094 0.50675	0.46588 0.52416
0	1.0 1.0	0.67258 0.53099	0.70495 0.4561	0.68452 0.465
0	1.0 1.0	0.71921 0.60064	0.69443 0.60214	0.70062 0.60834
0	1.0 1.0	0.7187 0.7215	0.70646 0.67535	0.70646 0.7215
0	1.0 1.0	0.70062 0.60834	0.69443 0.60214	0.69292 0.62692
0	1.0 1.0	0.73093 0.7215	0.73093 0.67535	0.7187 0.7215
0	1.0 1.0	0.69292 0.62692	0.69443 0.6517	0.70062 0.6455
0	1.0 1.0	0.6451 0.73194	0.69124 0.7197	0.6451 0.7197
0	1.0 1.0	0.70062 0.6455	0.69443 0.6517	0.71921 0.6532
0	1.0 1.0	0.6451 0.74417	0.69124 0.74417	0.6451 0.73194
0	1.0 1.0	0.71921 0.6532	0.74398 0.6517	0.73779 0.6455
0	1.0 1.0	0.71845 0.78801	0.70621 0.74186	0.70621 0.78801
0	1.0 1.0	0.73779 0.6455	0.74398 0.6517	0.74549 0.62692
0	1.0 1.0	0.73068 0.78801	0.73068 0.74186	0.71845 0.78801
0	1.0 1.0	0.74549 0.62692	0.74398 0.60214	0.73779 0.60834
0	1.0 1.0	0.79403 0.73174	0.74789 0.74398	0.79403 0.74398
0	1.0 1.0	0.73779 0.60834	0.74398 0.60214	0.71921 0.60064
0	1.0 1.0	0.79403 0.71951	0.74789 0.71951	0.79403 0.73174
0	1.0 1.0	0.7187 0.67535	0.7187 0.7215	0.73093 0.67535
0	1.0 1.0	0.7187 0.67535	0.70646 0.67535	0.7187 0.7215
0	1.0 1.0	0.69124 0.7197	0.6451 0.73194	0.69124 0.73194
0	1.0 1.0	0.69124 0.73194	0.6451 0.73194	0.69124 0.74417
0	1.0 1.0	0.70621 0.74186	0.71845 0.78801	0.71845 0.74186
0	1.0 1.0	0.71845 0.74186	0.71845 0.78801	0.73068 0.74186
0	1.0 1.0	0.74789 0.74398	0.79403 0.73174	0.74789 0.73174
0	1.0 1.0	0.74789 0.73174	0.79403 0.73174	0.74789 0.71951
0	1.0 1.0	0.92446 0.52561	0.89213 0.58841	0.93474 0.51515
0	1.0 1.0	0.78841 0.50867	0.83102 0.58192	0.79869 0.51912
0	1.0 1.0	0.49057 0.25392	0.28361 0.25392	0.47713 0.30038
0	1.0 1.0	0.29704 0.30038	0.47713 0.30038	0.28361 0.25392
0	1.0 1.0	0.39692 0.08225	0.39334 0.09683	0.41789 0.09625
0	1.0 1.0	0.39692 0.08225	0.42193 0.054	0.39857 0.06419
0	1.0 1.0	0.16916 0.12236	0.13895 0.13439	0.21221 0.15808
0	1.0 1.0	0.41789 0.09625	0.42193 0.054	0.39692 0.08225
0	1.0 1.0	0.33682 0.0769	0.34634 0.10039	0.35561 0.07688
0	1.0 1.0	0.35561 0.07688	0.34634 0.10039	0.37233 0.07469
0	1.0 1.0	0.37233 0.07469	0.34634 0.10039	0.38459 0.09557
0	1.0 1.0	0.13895 0.13439	0.14141 0.14851	0.21221 0.15808
0	1.0 1.0	0.31882 0.07473	0.34634 0.10039	0.33682 0.0769
0	1.0 1.0	0.30422 0.09516	0.34634 0.10039	0.31882 0.07473
0	1.0 1.0	0.10727 0.12159	0.09402 0.09198	0.04671 0.16786
0	1.0 1.0	0.28699 0.05462	0.26379 0.06483	0.28755 0.0734
0	1.0 1.0	0.28755 0.0734	0.26379 0.06483	0.29023 0.09004
0	1.0 1.0	0.30435 0.0707	0.30422 0.09516	0.31882 0.07473
0	1.0 1.0	0.29023 0.09004	0.26379 0.06483	0.26983 0.10289
0	1.0 1.0	0.09402 0.09198	0.04899 0.03755	0.0304 0.09813
0	1.0 1.0	0.28863 0.03656	0.26379 0.06483	0.28699 0.05462
0	1.0 1.0	0.10636 0.06163	0.13324 0.01767	0.04899 0.03755
0	1.0 1.0	0.26768 0.02256	0.26379 0.06483	0.28863 0.03656
0	1.0 1.0	0.33663 0.03017	0.34615 0.0538	0.35542 0.03016
0	1.0 1.0	0.35542 0.03016	0.34615 0.0538	0.37213 0.02798
0	1.0 1.0	0.29223 0.02196	0.26768 0.02256	0.28863 0.03656
0	1.0 1.0	0.34615 0.0538	0.38437 0.04886	0.37213 0.02798
0	1.0 1.0	0.13658 0.0496	0.16825 0.0624	0.13324 0.01767
0	1.0 1.0	0.31862 0.02801	0.34615 0.0538	0.33663 0.03017
0	1.0 1.0	0.30401 0.04868	0.34615 0.0538	0.31862 0.02801
0	1.0 1.0	0.16825 0.0624	0.18151 0.09201	0.20565 0.05486
0	1.0 1.0	0.39857 0.06419	0.42193 0.054	0.39802 0.04541
0	1.0 1.0	0.39802 0.04541	0.42193 0.054	0.39536 0.02876
0	1.0 1.0	0.30413 0.02401	0.30401 0.04868	0.31862 0.02801
0	1.0 1.0	0.39536 0.02876	0.42193 0.054	0.416 0.01591
0	1.0 1.0	0.18151 0.09201	0.21221 0.15808	0.24257 0.10233
0	1.0 1.0	0.13825 0.15161	0.13593 0.15065	0.135 0.20689
0	1.0 1.0	0.05853 0.41626	0.04335 0.36912	0.04335 0.41626
0	1.0 1.0	0.05853 0.41626	0.07352 0.36912	0.05853 0.36912
0	1.0 1.0	0.11194 0.29082	0.14337 0.30065	0.14322 0.29082
0	1.0 1.0	0.24106 0.2908	0.19232 0.23981	0.20967 0.28051
0	1.0 1.0	0.14141 0.14851	0.14052 0.15072	0.21221 0.15808
0	1.0 1.0	0.24106 0.2908	0.20967 0.28051	0.20978 0.2908
0	1.0 1.0	0.24106 0.2908	0.20963 0.3005	0.24091 0.3005
0	1.0 1.0	0.11209 0.30065	0.14337 0.30065	0.11194 0.29082
0	1.0 1.0	0.07352 0.41626	0.07352 0.36912	0.05853 0.41626
0	1.0 1.0	0.18488 0.3866	0.17371 0.34037	0.17371 0.3866
0	1.0 1.0	0.15419 0.34082	0.10796 0.32965	0.10796 0.34082
0	1.0 1.0	0.17371 0.3866	0.17371 0.34037	0.16269 0.3866
0	1.0 1.0	0.16269 0.3866	0.17371 0.34037	0.16269 0.34037
0	1.0 1.0	0.19416 0.34236	0.24039 0.33135	0.19416 0.33135
0	1.0 1.0	0.19416 0.33135	0.24039 0.33135	0.19416 0.32017
0	1.0 1.0	0.19416 0.32017	0.24039 0.33135	0.24039 0.32017
0	1.0 1.0	0.18473 0.32441	0.17355 0.27819	0.17355 0.32441
0	1.0 1.0	0.17355 0.32441	0.17355 0.27819	0.16254 0.32441
0	1.0 1.0	0.16254 0.32441	0.17355 0.27819	0.16254 0.27819
0	1.0 1.0	0.15419 0.31864	0.10796 0.32965	0.15419 0.32965
0	1.0 1.0	0.15419 0.32965	0.10796 0.32965	0.15419 0.34082
0	1.0 1.0	0.05853 0.36912	0.04335 0.36912	0.05853 0.41626
0	1.0 1.0	0.05834 0.35908	0.07959 0.35095	0.05837 0.35185
0	1.0 1.0	0.0283 0.32969	0.0371 0.35028	0.03581 0.32979
0	1.0 1.0	0.14322 0.29082	0.14334 0.28065	0.11194 0.29082
0	1.0 1.0	0.05835 0.30125	0.05837 0.21812	0.0371 0.30938
0	1.0 1.0	0.05835 0.30125	0.0371 0.30938	0.05832 0.30848
0	1.0 1.0	0.08839 0.33064	0.07959 0.31005	0.08088 0.33054
0	1.0 1.0	0.20978 0.2908	0.20963 0.3005	0.24106 0.2908
0	1.0 1.0	0.0371 0.35028	0.05837 0.35185	0.04242 0.34524
0	1.0 1.0	0.14334 0.28065	0.16068 0.24028	0.11194 0.29082
0	1.0 1.0	0.0371 0.30938	0.03581 0.32979	0.04241 0.31457
0	1.0 1.0	0.07959 0.31005	0.05837 0.21812	0.05835 0.30125
0	1.0 1.0	0.07959 0.31005	0.05832 0.30848	0.07427 0.31509
0	1.0 1.0	0.07959 0.35095	0.08088 0.33054	0.07428 0.34576
0	1.0 1.0	0.18488 0.34037	0.17371 0.34037	0.18488 0.3866
0	1.0 1.0	0.04242 0.34524	0.03581 0.32979	0.0371 0.35028
0	1.0 1.0	0.05837 0.35185	0.0371 0.35028	0.05834 0.35908
0	1.0 1.0	0.07428 0.34576	0.05837 0.35185	0.07959 0.35095
0	1.0 1.0	0.24039 0.34236	0.24039 0.33135	0.19416 0.34236
0	1.0 1.0	0.08088 0.33054	0.07959 0.35095	0.08839 0.33064
0	1.0 1.0	0.07427 0.31509	0.08088 0.33054	0.07959 0.31005
0	1.0 1.0	0.18473 0.27819	0.17355 0.27819	0.18473 0.32441
0	1.0 1.0	0.05832 0.30848	0.07959 0.31005	0.05835 0.30125
0	1.0 1.0	0.04241 0.31457	0.05832 0.30848	0.0371 0.30938
0	1.0 1.0	0.10796 0.31864	0.10796 0.32965	0.15419 0.31864
0	1.0 1.0	0.03581 0.32979	0.0371 0.30938	0.0283 0.32969

NAMES 1
jaguar_company_ship_splinter

NORMALS
0 -0.77569 0.63112
0 -0.77569 0.63112
0 -0.77569 0.63112
0 0 -1
0 0 -1
0 0 -1
0 0 -1
0 0 -1
0 0 -1
0 0 -1
0 0 -1
0 0 -1
0 0 1
0 0 1
0 0 1
0 0 1
0 0 1
0 0 1
0 0 1
0 0 1
0 0 1
-0.41434 0.72634 0.54841
-0.41434 0.72634 0.54841
-0.376 0.73693 0.56174
0.40628 0.72717 0.55331
0.40628 0.72717 0.55331
0.43706 0.72757 0.52879
0.37487 0.72565 0.57698
-0.45194 0.71448 0.5341
0 0 -1
0 0 -1
0 0 -1
0 0 -1
0 0 -1
0 0 -1
0 0 -1
0 0 -1
0 0 -1
-0.00195 0.99194 -0.12672
0.19118 0.97704 -0.09404
-0.19565 0.97612 -0.09441
-0.49873 0.85985 -0.10918
-0.70382 0.70135 -0.11292
-0.86188 0.49525 -0.10906
-0.99194 -0.00195 -0.12672
-0.97704 0.19118 -0.09404
-0.97612 -0.19565 -0.09441
-0.85985 -0.49873 -0.10918
-0.70135 -0.70382 -0.11292
-0.49525 -0.86188 -0.10906
0.00195 -0.99194 -0.12672
0.49873 -0.85985 -0.10918
0.70382 -0.70135 -0.11292
0.86188 -0.49525 -0.10906
0.99194 0.00195 -0.12672
0.97704 -0.19118 -0.09404
0.97612 0.19565 -0.09441
0.85985 0.49873 -0.10918
0.70135 0.70382 -0.11292
0.49525 0.86188 -0.10906
0 0.94812 0.31792
0 0.94812 0.31792
0 0.94812 0.31792
0 -0.47132 0.88196
0 -0.47132 0.88196
0 -0.47132 0.88196
0 -0.47131 0.88197
0 0.94812 0.31792
-0.19118 -0.97704 -0.09404
0.19565 -0.97612 -0.09441
0.56978 -0.68032 0.46099
0.35534 -0.83008 0.42976
-0.00013 -0.95122 0.30852
0.48044 -0.48044 0.73373
0.91525 -0.0253 0.40208
0.68986 -0.5681 0.44873
0.72979 0.44305 0.52069
0.48044 0.48044 0.73373
0 0.88233 0.47063
0.64539 0.48032 0.59393
0.95489 -0.25911 0.14504
0.95394 -0.22994 0.1927
-0.67968 -0.6049 0.41489
-0.48044 -0.48044 0.73373
-0.75373 -0.4973 0.42963
-0.92522 -0.06906 0.37309
-0.7298 0.44548 0.5186
-0.48044 0.48044 0.73373
-0.67677 0.42937 0.59802
-0.15085 0.94918 0.27622
-0.50147 0.26428 0.82382
0.6786 0 0.73451
0.85632 -0.31918 0.40599
-0.53355 -0.72944 0.42806
0 -0.6786 0.73451
0 0.6786 0.73451
0.50147 0.26428 0.82382
-0.6786 0 0.73451
-0.8294 -0.38951 0.40048
0.22757 0.9387 0.25896
0.00069 0.99961 -0.02805
0.21979 0.96422 0.14822
0.09526 0.8922 0.44147
0.00003 0.9664 0.25706
-0.34651 0.92284 0.16823
-0.95394 -0.22994 0.1927
-0.95489 -0.25911 0.14504
0.00627 -0.99407 0.10857
0.00035 -0.98994 0.14149
0.65742 -0.7353 0.16471
-0.70288 -0.689 0.17671
-0.8559 -0.16839 0.48897
0.91529 -0.18135 0.35965
0.97997 -0.19377 0.04594
-0.6786 0 0.73451
0 -0.6786 0.73451
0 0.6786 0.73451
0.6786 0 0.73451
0.28065 -0.91775 -0.28101
0.39633 -0.53793 -0.74401
-0.04661 -0.81335 -0.5799
0.33574 -0.93781 0.08829
0.65237 -0.75786 0.00712
0.89287 -0.38031 -0.24113
0.76471 -0.09264 -0.63767
0.80263 -0.5953 0.03741
0.91635 0.27164 -0.29414
0.44474 0.42589 -0.78792
0.97464 0.21748 -0.0527
0.59146 0.80108 -0.09187
0.23537 0.93981 -0.24769
-0.01857 0.67809 -0.73474
0.0119 0.99988 -0.00943
-0.22534 -0.94838 -0.22316
-0.44468 -0.53794 -0.71616
-0.73218 -0.68025 0.03429
-0.15385 -0.9839 0.09092
-0.93213 -0.2327 -0.27747
-0.75647 -0.1487 -0.63691
-0.98836 -0.15114 -0.01725
-0.92163 -0.38009 0.07824
-0.93821 0.22413 -0.26368
-0.45096 0.52976 -0.71832
-0.53703 0.8401 -0.07637
-0.97804 0.20154 -0.0531
-0.17535 0.9777 -0.11556
-0.05699 0.99777 -0.03469
0.48315 -0.85504 0.18833
0.78223 -0.57655 0.23603
0.68393 -0.68142 0.26059
0.97649 0.13725 0.16622
0.87562 0.37544 0.30387
0.24519 0.96282 0.11336
-0.79465 -0.53002 0.29597
-0.70916 -0.62199 0.332
-0.41714 -0.87793 0.235
-0.26047 0.96316 0.06693
-0.86399 0.38272 0.32719
-0.98267 -0.02072 0.18421
-0.09526 0.8922 0.44147
-0.50798 -0.67344 -0.53706
0.47631 -0.68165 -0.55541
-0.01405 -0.96796 -0.25071
0.74234 -0.06154 -0.66719
-0.47333 0.51639 -0.71366
0.00283 0.84819 -0.52968
-0.77173 -0.04938 -0.63403
-0.00857 -0.7584 -0.65173
-0.58878 -0.59306 -0.54919
-0.9088 -0.20121 -0.36551
0.45656 0.50956 -0.72932
0.57589 -0.58772 -0.56827
-0.47984 -0.47984 0.73451
0.70711 -0.70711 0
0.47984 -0.47984 0.73451
-0.70711 -0.70711 0
-0.47984 0.47984 0.73451
-0.70711 0.70711 0
0.47984 0.47984 0.73451
0.70711 0.70711 0
0 -1 0
-1 0 0
0 1 0
1 0 0
0 0.70461 0.70959
0 0.70461 0.70959
0 0.70461 0.70959
0 0.70461 0.70959
0.83071 -0.47336 -0.293
0.4719 -0.82957 -0.29853
0.92678 -0.18784 -0.32526
-0.18777 -0.92604 -0.32741
0.19227 -0.92585 -0.32531
0.90161 -0.20454 -0.38113
-0.47312 -0.83026 -0.29466
-0.92599 0.18776 -0.32755
-0.92581 -0.19227 -0.32544
-0.82943 -0.4715 -0.29956
-0.83034 0.47347 -0.29386
0.18784 0.92673 -0.3254
-0.19234 0.92654 -0.3233
-0.47168 0.82989 -0.298
0.4737 0.8308 -0.2922
0.92659 0.19235 -0.32317
0.83003 0.47208 -0.29697
-0.48461 -0.47616 -0.73377
0.47499 -0.4835 -0.73526
-0.00961 -0.67854 -0.7345
-0.67859 0.00239 -0.73451
0.32779 0.03332 -0.94416
0.67859 -0.00239 -0.73451
0.71329 0.70087 0
0.00961 0.67854 -0.7345
0.01416 0.9999 0
0.67859 -0.00239 -0.73451
0.48461 0.47616 -0.73377
-0.70079 0.71336 0
-0.47498 0.4835 -0.73526
-0.67859 0.00239 -0.73451
-0.99999 0.00352 0
-0.71329 -0.70087 0
-0.48461 -0.47616 -0.73377
-0.00961 -0.67854 -0.7345
-0.01416 -0.9999 0
0.70079 -0.71336 0
0.47498 -0.4835 -0.73526
0.99999 -0.00352 0
-0.32939 0.03442 -0.94357
-0.00353 -0.21876 -0.97577

END
